   >0
     >1
       >2
         >3
           >4
             >5
             <5  [6, 1, 5, 2, 7, 1]
           <4  [3, 1, 1, 3, 2, 2]
           >6
             >7
             <7  [3, 1, 4, 7, 9, 8, 1, 7]
           <6  [1, 3, 2, 2, 3]
           >8
             >9
             <9  [7, 6, 4, 3, 7, 4, 6, 3, 1]
           <8  [2, 1, 1, 2, 2, 1, 2, 3]
         <3  [2, 3, 4, 1, 1]
         >10
           >11
             >12
             <12  [5, 8, 4, 3, 4, 9, 8, 2, 7, 2, 1]
           <11  [3, 1, 2, 1, 1, 1]
           >13
             >14
             <14  [1, 2, 7, 3, 3, 2]
           <13  [2, 3, 3, 3, 1]
           >15
             >16
             <16  [5, 2, 7, 1, 2, 6, 9, 6, 6, 1]
           <15  [1, 1, 1, 2, 2, 1, 2]
         <10  [2, 1, 3, 1]
         >17
           >18
             >19
             <19  [6, 7, 1, 2, 3, 2, 7, 9, 1, 5]
           <18  [1, 2, 1, 1, 1, 2, 1, 2, 1]
           >20
             >21
             <21  [1, 9, 2, 3, 8, 5, 8, 2]
           <20  [1, 2, 1, 2, 2, 2, 1, 2, 3]
           >22
             >23
             <23  [3, 4, 1, 7, 1, 1, 3, 2, 2]
           <22  [2, 2, 2, 1, 1, 3]
         <17  [3, 4, 3, 2, 2, 5, 3]
         >24
           >25
             >26
             <26  [1, 4, 1, 3, 1, 6, 3]
           <25  [1, 1, 3, 1, 1, 1, 3, 3]
           >27
             >28
             <28  [6, 3, 4, 4, 7, 1, 3, 1, 1, 5, 8]
           <27  [3, 1, 1, 1, 1, 1]
           >29
             >30
             <30  [7, 2, 7, 9, 1, 2]
           <29  [3, 1, 1, 1, 1]
         <24  [5, 5, 3, 1, 4, 2, 3]
       <2  [2, 1, 2]
       >31
         >32
           >33
             >34
             <34  [8, 2, 1, 6, 8, 7, 4, 1, 3]
           <33  [1, 2, 2, 1, 1, 1]
           >35
             >36
             <36  [2, 7, 2, 1, 9, 4, 4, 8]
           <35  [1, 1, 1, 3, 1]
           >37
             >38
             <38  [4, 8, 4, 9, 8, 8, 1, 6, 1, 5]
           <37  [1, 3, 2, 1, 3, 3, 2]
         <32  [5, 1, 1, 5]
         >39
           >40
             >41
             <41  [1, 1, 7, 2, 4, 6, 8, 8, 4, 1]
           <40  [2, 2, 1, 1, 1, 1]
           >42
             >43
             <43  [1, 9, 4, 3, 4, 9, 6]
           <42  [1, 1, 1, 3, 2, 1, 2]
           >44
             >45
             <45  [9, 7, 1, 7, 4, 9, 2, 6, 6, 6]
           <44  [3, 1, 3, 1, 3, 1]
         <39  [3, 2, 5, 5, 5]
         >46
           >47
             >48
             <48  [9, 1, 3, 5, 3, 9, 3, 6]
           <47  [3, 2, 1, 2, 3, 1, 1, 3, 3]
           >49
             >50
             <50  [4, 7, 8, 1, 8, 2, 2, 5, 9, 1, 2]
           <49  [1, 1, 3, 1, 3, 1]
           >51
             >52
             <52  [1, 8, 9, 2, 9, 5, 6, 4, 3, 1]
           <51  [1, 1, 1, 2, 3, 1, 1, 2]
         <46  [1, 1, 5, 4, 1, 2]
         >53
           >54
             >55
             <55  [1, 4, 3, 2, 2, 9, 6, 6, 1]
           <54  [3, 2, 1, 2, 3, 2, 3, 1]
           >56
             >57
             <57  [1, 5, 1, 3, 8, 1, 6, 5, 2, 8, 7]
           <56  [3, 1, 2, 1, 1, 3]
           >58
             >59
             <59  [2, 6, 1, 8, 2, 8, 9, 3]
           <58  [2, 3, 1, 1, 1, 1, 2, 1, 3]
         <53  [3, 3, 4, 2, 2, 1]
       <31  [2, 5, 2, 5, 6]
       >60
         >61
           >62
             >63
             <63  [3, 1, 5, 1, 1, 1, 7, 6, 7]
           <62  [2, 2, 2, 1, 2]
           >64
             >65
             <65  [2, 4, 1, 3, 1, 6, 2, 3, 1]
           <64  [1, 2, 3, 3, 1]
           >66
             >67
             <67  [1, 4, 1, 1, 9, 9, 4, 7, 6, 5, 3]
           <66  [1, 3, 3, 3, 1, 2, 3, 2, 1]
         <61  [1, 2, 5, 5, 4, 1]
         >68
           >69
             >70
             <70  [8, 1, 2, 5, 3, 9, 3, 5, 9]
           <69  [1, 1, 3, 2, 3, 3]
           >71
             >72
             <72  [1, 9, 4, 9, 8, 5]
           <71  [3, 1, 1, 1, 2, 3, 1, 2, 2]
           >73
             >74
             <74  [6, 5, 3, 9, 9, 4, 5, 1, 4, 1]
           <73  [2, 2, 2, 1, 2, 2]
         <68  [5, 1, 3, 3, 2, 1, 3]
         >75
           >76
             >77
             <77  [9, 6, 1, 9, 2, 2, 4, 1, 5, 5]
           <76  [3, 2, 3, 3, 2, 2, 2, 1]
           >78
             >79
             <79  [7, 1, 9, 2, 5, 8]
           <78  [3, 2, 3, 1, 1, 2, 3, 1]
           >80
             >81
             <81  [6, 6, 7, 4, 6, 2, 3, 2, 8, 1, 3]
           <80  [1, 1, 2, 2, 2, 2, 3]
         <75  [3, 3, 5, 2]
         >82
           >83
             >84
             <84  [9, 6, 1, 2, 2, 8, 6]
           <83  [1, 1, 3, 1, 2]
           >85
             >86
             <86  [1, 4, 2, 1, 2, 9, 6, 8, 3, 1, 8]
           <85  [1, 2, 2, 1, 2, 1, 1, 3]
           >87
             >88
             <88  [1, 6, 9, 5, 1, 9, 2]
           <87  [2, 1, 3, 2, 1, 3, 1, 3, 2]
         <82  [5, 4, 2, 2, 5, 4]
         >89
           >90
             >91
             <91  [3, 8, 2, 1, 2, 5, 6, 8]
           <90  [1, 1, 2, 3, 1]
           >92
             >93
             <93  [5, 3, 5, 1, 5, 2, 2, 1, 2, 7, 7]
           <92  [1, 1, 2, 2, 1, 2]
           >94
             >95
             <95  [5, 8, 1, 3, 7, 7, 8, 2, 9]
           <94  [3, 3, 1, 3, 3, 1, 2, 1, 1]
         <89  [1, 1, 3, 1, 4, 2]
       <60  [4, 4, 1, 5, 2]
       >96
         >97
           >98
             >99
             <99  [1, 8, 2, 5, 4, 1, 9, 1]
           <98  [1, 2, 1, 2, 2]
           >100
             >101
             <101  [4, 2, 8, 2, 9, 8, 8, 3, 6, 3, 1]
           <100  [3, 3, 2, 2, 1, 1, 3, 1, 3]
           >102
             >103
             <103  [1, 9, 6, 7, 7, 6]
           <102  [3, 1, 1, 1, 1, 3]
         <97  [3, 2, 5, 2, 5, 2, 4]
         >104
           >105
             >106
             <106  [6, 1, 8, 8, 2, 8, 1, 6, 4, 1, 3]
           <105  [2, 1, 1, 1, 3, 1]
           >107
             >108
             <108  [6, 3, 3, 6, 3, 1, 9, 4, 5, 4, 1]
           <107  [3, 3, 3, 1, 1, 3]
           >109
             >110
             <110  [9, 7, 4, 1, 2, 7, 2, 1, 5, 1, 6]
           <109  [3, 1, 1, 2, 2]
         <104  [2, 3, 2, 2]
         >111
           >112
             >113
             <113  [4, 9, 9, 8, 2, 5, 7, 1, 9, 6, 6]
           <112  [1, 3, 2, 1, 3, 2]
           >114
             >115
             <115  [7, 9, 5, 1, 9, 8, 2]
           <114  [2, 1, 2, 3, 1, 2, 1]
           >116
             >117
             <117  [1, 8, 9, 1, 2, 8, 7, 9]
           <116  [1, 1, 2, 1, 3, 2, 3, 2, 1]
         <111  [4, 5, 4, 3, 1, 4]
         >118
           >119
             >120
             <120  [2, 7, 8, 7, 1, 5, 2, 5]
           <119  [1, 3, 3, 1, 3, 1, 1, 1]
           >121
             >122
             <122  [9, 9, 9, 1, 7, 9]
           <121  [1, 2, 2, 2, 3, 1, 1, 1]
           >123
             >124
             <124  [6, 7, 4, 2, 3, 7, 9, 5, 2, 8, 1]
           <123  [1, 1, 1, 3, 3]
         <118  [1, 2, 3, 5, 4, 2]
       <96  [2, 1, 6]
       >125
         >126
           >127
             >128
             <128  [4, 7, 3, 5, 1, 6, 1]
           <127  [3, 3, 2, 2, 1, 1]
           >129
             >130
             <130  [6, 8, 8, 1, 3, 9, 8, 5]
           <129  [3, 2, 2, 1, 2, 3, 1, 3]
           >131
             >132
             <132  [1, 5, 2, 3, 9, 4, 5, 7, 8, 3, 6]
           <131  [1, 3, 3, 1, 2]
         <126  [2, 2, 2, 1, 2]
         >133
           >134
             >135
             <135  [1, 1, 8, 9, 8, 1, 8]
           <134  [1, 1, 3, 2, 3, 2, 1]
           >136
             >137
             <137  [1, 3, 4, 8, 3, 1, 2, 7, 2]
           <136  [1, 1, 3, 3, 2, 1, 1, 3]
           >138
             >139
             <139  [9, 4, 9, 3, 1, 1, 3, 2]
           <138  [1, 3, 1, 1, 2, 1]
         <133  [1, 2, 2, 4, 3]
         >140
           >141
             >142
             <142  [1, 1, 7, 3, 1, 7, 6, 3, 5, 5]
           <141  [1, 1, 1, 2, 1, 1, 1]
           >143
             >144
             <144  [7, 1, 3, 5, 3, 1, 9, 5, 6, 3]
           <143  [2, 1, 3, 2, 2]
           >145
             >146
             <146  [3, 8, 6, 1, 5, 7, 5, 2, 9, 1, 1]
           <145  [1, 2, 3, 3, 1, 1, 1]
         <140  [5, 5, 3, 4, 2, 1]
         >147
           >148
             >149
             <149  [5, 1, 7, 8, 2, 8, 7]
           <148  [1, 2, 3, 1, 1, 3]
           >150
             >151
             <151  [9, 3, 8, 8, 2, 1, 2, 7, 4, 9]
           <150  [3, 1, 2, 3, 2, 1, 2, 1]
           >152
             >153
             <153  [9, 4, 1, 6, 1, 4, 6, 8]
           <152  [2, 3, 3, 1, 3, 2, 1, 1, 3]
         <147  [2, 2, 3, 1]
         >154
           >155
             >156
             <156  [8, 6, 2, 8, 2, 1, 3]
           <155  [1, 3, 1, 2, 3, 1, 2, 2, 2]
           >157
             >158
             <158  [8, 3, 2, 4, 2, 1, 1]
           <157  [1, 3, 3, 2, 1, 1, 1]
           >159
             >160
             <160  [5, 6, 5, 2, 1, 9, 7, 1, 3, 5]
           <159  [1, 3, 1, 3, 2]
         <154  [2, 3, 3, 2, 2, 5, 4]
       <125  [4, 2, 5, 4]
       >161
         >162
           >163
             >164
             <164  [1, 8, 1, 2, 2, 8]
           <163  [3, 2, 3, 3, 1, 2]
           >165
             >166
             <166  [2, 8, 7, 2, 8, 1, 5, 3, 7, 7, 4]
           <165  [2, 1, 3, 1, 1, 2, 1, 2]
           >167
             >168
             <168  [1, 5, 5, 1, 6, 9]
           <167  [2, 3, 1, 1, 1, 2]
         <162  [4, 1, 4, 1]
         >169
           >170
             >171
             <171  [3, 6, 9, 8, 8, 1, 4, 2, 8, 3, 4]
           <170  [3, 1, 1, 3, 1, 1, 3]
           >172
             >173
             <173  [8, 1, 7, 9, 1, 8, 7, 9, 9, 3, 4]
           <172  [1, 2, 3, 1, 1]
           >174
             >175
             <175  [1, 8, 1, 9, 1, 8, 6, 2, 6, 1]
           <174  [3, 1, 2, 1, 1]
         <169  [5, 1, 1, 1, 4, 3]
         >176
           >177
             >178
             <178  [1, 6, 9, 5, 3, 3, 6, 5, 6, 9, 4]
           <177  [3, 1, 3, 1, 2, 3]
           >179
             >180
             <180  [8, 1, 1, 5, 5, 5, 1, 4, 8, 9]
           <179  [1, 2, 2, 3, 3, 2, 1, 3]
           >181
             >182
             <182  [5, 2, 1, 7, 6, 2, 6, 8]
           <181  [3, 3, 3, 2, 1, 1]
         <176  [5, 3, 4, 5, 4, 1]
         >183
           >184
             >185
             <185  [9, 9, 1, 3, 9, 5, 8, 1, 6]
           <184  [1, 2, 3, 1, 1]
           >186
             >187
             <187  [7, 5, 7, 3, 4, 2, 8, 1]
           <186  [1, 1, 3, 2, 3, 1]
           >188
             >189
             <189  [6, 7, 1, 6, 1, 6, 3, 8, 8]
           <188  [2, 2, 3, 3, 3, 3, 1, 3]
         <183  [2, 4, 3, 3, 5, 4]
       <161  [5, 1, 3]
       >190
         >191
           >192
             >193
             <193  [5, 7, 3, 2, 2, 1, 6, 6, 1, 5, 3]
           <192  [1, 3, 3, 3, 1, 2]
           >194
             >195
             <195  [9, 2, 4, 2, 7, 9, 1, 2, 1, 7, 1]
           <194  [1, 2, 3, 1, 3, 1, 1]
           >196
             >197
             <197  [3, 3, 2, 4, 3, 4, 8, 1, 1]
           <196  [3, 3, 2, 1, 1, 2]
         <191  [4, 3, 1, 2]
         >198
           >199
             >200
             <200  [6, 1, 2, 3, 3, 1]
           <199  [1, 3, 1, 2, 2, 2, 1]
           >201
             >202
             <202  [9, 1, 2, 6, 9, 1, 5]
           <201  [1, 3, 1, 1, 1, 3, 2, 3, 3]
           >203
             >204
             <204  [4, 1, 9, 7, 8, 3, 2, 1, 6, 3, 5]
           <203  [3, 2, 2, 1, 3, 1]
         <198  [2, 1, 1, 4, 2, 3]
         >205
           >206
             >207
             <207  [1, 7, 7, 8, 9, 1, 5, 3, 9]
           <206  [2, 3, 1, 2, 1, 3, 2, 1]
           >208
             >209
             <209  [2, 9, 6, 8, 3, 1, 6, 1]
           <208  [3, 1, 2, 1, 1, 3, 2, 1, 1]
           >210
             >211
             <211  [1, 5, 9, 7, 1, 3, 1, 2, 1]
           <210  [3, 2, 1, 1, 1, 2, 1, 3, 1]
         <205  [1, 1, 5, 1, 5]
         >212
           >213
             >214
             <214  [3, 6, 1, 6, 1, 1, 4]
           <213  [3, 3, 1, 1, 3, 3, 3, 1]
           >215
             >216
             <216  [1, 5, 9, 5, 6, 6, 8, 4, 1, 2, 5]
           <215  [1, 2, 3, 1, 2, 2, 1, 1]
           >217
             >218
             <218  [5, 4, 1, 3, 6, 4]
           <217  [3, 2, 3, 3, 1, 2, 1, 3, 3]
         <212  [4, 2, 4, 2, 1]
       <190  [2, 4, 1, 1]
     <1  [2, 1, 5]
     >219
       >220
         >221
           >222
             >223
             <223  [1, 9, 2, 5, 6, 9, 4]
           <222  [2, 3, 1, 1, 2]
           >224
             >225
             <225  [1, 9, 5, 5, 3, 9, 8, 7]
           <224  [3, 3, 1, 3, 1, 2]
           >226
             >227
             <227  [4, 4, 1, 8, 1, 1, 8, 6]
           <226  [3, 1, 2, 1, 3, 3]
         <221  [1, 1, 1, 1]
         >228
           >229
             >230
             <230  [8, 6, 7, 7, 3, 1]
           <229  [2, 2, 2, 2, 1, 1, 2]
           >231
             >232
             <232  [3, 9, 7, 5, 4, 4, 4, 1, 2, 8]
           <231  [2, 1, 3, 2, 1]
           >233
             >234
             <234  [5, 7, 3, 2, 9, 9, 9, 1]
           <233  [1, 2, 2, 2, 1]
         <228  [2, 2, 3, 5]
         >235
           >236
             >237
             <237  [6, 6, 8, 3, 5, 7, 1, 8]
           <236  [1, 1, 3, 1, 3, 1, 3, 1, 1]
           >238
             >239
             <239  [4, 4, 4, 1, 2, 5, 1, 2, 8, 2, 9]
           <238  [2, 3, 1, 1, 2, 2, 2, 3]
           >240
             >241
             <241  [5, 9, 6, 7, 2, 7, 1, 1, 2, 1, 4]
           <240  [1, 1, 2, 1, 1, 2, 3]
         <235  [3, 1, 4, 4, 2, 3, 3]
         >242
           >243
             >244
             <244  [1, 6, 8, 2, 9, 8, 6, 1, 1]
           <243  [3, 3, 3, 3, 2, 2, 1, 3]
           >245
             >246
             <246  [1, 6, 7, 8, 2, 9, 6, 5, 9]
           <245  [3, 2, 1, 2, 1, 3, 1, 3, 2]
           >247
             >248
             <248  [2, 6, 1, 4, 5, 9, 5, 9, 9, 8, 7]
           <247  [3, 1, 3, 1, 1, 3, 1, 1]
         <242  [4, 2, 3, 5, 2]
         >249
           >250
             >251
             <251  [5, 2, 8, 1, 6, 7]
           <250  [2, 2, 3, 1, 2, 1, 1, 3, 2]
           >252
             >253
             <253  [8, 8, 2, 1, 8, 3, 6, 9, 5]
           <252  [3, 3, 3, 1, 1, 2, 1, 1, 1]
           >254
             >255
             <255  [2, 8, 1, 4, 6, 9, 1]
           <254  [3, 2, 1, 3, 1, 2]
         <249  [3, 2, 2, 2, 2, 1, 3]
       <220  [6, 2, 1, 1]
       >256
         >257
           >258
             >259
             <259  [2, 2, 2, 1, 3, 3, 7, 7, 2, 9]
           <258  [2, 3, 3, 1, 1]
           >260
             >261
             <261  [1, 9, 5, 1, 8, 2]
           <260  [1, 1, 3, 2, 3, 3]
           >262
             >263
             <263  [4, 7, 2, 6, 1, 9, 6, 1, 4]
           <262  [1, 2, 3, 3, 2, 1, 2, 1, 2]
         <257  [4, 3, 2, 4, 4, 4, 2]
         >264
           >265
             >266
             <266  [7, 2, 4, 1, 1, 3, 9]
           <265  [2, 1, 1, 2, 1, 1, 1, 2, 1]
           >267
             >268
             <268  [7, 7, 1, 6, 8, 7]
           <267  [1, 1, 1, 1, 3, 1]
           >269
             >270
             <270  [8, 8, 1, 5, 2, 3, 3, 2, 7]
           <269  [2, 1, 3, 1, 3, 3, 3, 1]
         <264  [4, 4, 3, 4, 2, 4, 5]
         >271
           >272
             >273
             <273  [2, 5, 3, 9, 1, 1, 9, 5, 1, 4]
           <272  [1, 1, 1, 2, 3, 1, 1]
           >274
             >275
             <275  [3, 8, 7, 4, 9, 5, 6, 1, 6, 9]
           <274  [3, 2, 2, 2, 1]
           >276
             >277
             <277  [1, 1, 1, 5, 4, 7, 1, 3, 9, 4]
           <276  [3, 3, 1, 2, 2]
         <271  [3, 3, 1, 2]
         >278
           >279
             >280
             <280  [7, 1, 2, 1, 1, 3]
           <279  [1, 1, 3, 1, 3, 3, 2, 1, 1]
           >281
             >282
             <282  [1, 6, 2, 1, 3, 4, 8, 4, 4, 7]
           <281  [1, 3, 1, 1, 3, 2, 3]
           >283
             >284
             <284  [9, 9, 1, 1, 3, 9, 1, 7, 3, 7]
           <283  [1, 3, 1, 3, 1]
         <278  [2, 3, 3, 4, 1, 5, 1]
       <256  [4, 4, 4]
       >285
         >286
           >287
             >288
             <288  [5, 9, 1, 7, 7, 1, 5]
           <287  [3, 3, 1, 1, 3, 1, 1]
           >289
             >290
             <290  [7, 9, 1, 2, 1, 8, 2, 4]
           <289  [1, 1, 2, 2, 1, 3, 1, 3, 2]
           >291
             >292
             <292  [8, 9, 3, 5, 5, 8, 1, 8, 8, 8, 6]
           <291  [3, 1, 2, 3, 2, 1]
         <286  [4, 2, 2, 1, 4]
         >293
           >294
             >295
             <295  [3, 7, 2, 6, 1, 9]
           <294  [1, 3, 1, 3, 3, 3]
           >296
             >297
             <297  [1, 3, 9, 9, 9, 8]
           <296  [1, 3, 3, 2, 1, 1, 2, 2, 2]
           >298
             >299
             <299  [1, 1, 9, 8, 2, 8]
           <298  [1, 3, 1, 3, 1, 1]
         <293  [4, 2, 3, 4]
         >300
           >301
             >302
             <302  [3, 4, 5, 6, 1, 9, 8, 9, 3]
           <301  [1, 3, 1, 3, 2, 3, 2]
           >303
             >304
             <304  [8, 8, 6, 1, 3, 9]
           <303  [1, 1, 2, 1, 2, 1, 1, 1]
           >305
             >306
             <306  [2, 6, 6, 1, 8, 8]
           <305  [3, 2, 3, 2, 2, 1, 2, 3, 1]
         <300  [5, 4, 1, 5, 1, 3]
         >307
           >308
             >309
             <309  [9, 5, 1, 6, 6, 2, 4, 6, 1, 9]
           <308  [1, 3, 3, 1, 1]
           >310
             >311
             <311  [1, 7, 4, 9, 8, 1, 1, 4, 1, 3, 7]
           <310  [3, 3, 3, 3, 3, 2, 1, 2]
           >312
             >313
             <313  [1, 4, 4, 6, 1, 6, 5, 7, 9, 4, 5]
           <312  [2, 3, 1, 1, 3, 2, 2]
         <307  [4, 4, 4, 3, 2]
       <285  [4, 1, 6]
       >314
         >315
           >316
             >317
             <317  [5, 5, 6, 1, 1, 4, 3, 8, 7, 8]
           <316  [1, 1, 3, 2, 1, 1, 3]
           >318
             >319
             <319  [2, 2, 7, 1, 7, 3, 5]
           <318  [1, 1, 3, 3, 2]
           >320
             >321
             <321  [7, 1, 5, 6, 3, 8, 9, 7, 2, 2]
           <320  [3, 1, 1, 3, 1]
         <315  [5, 2, 5, 2]
         >322
           >323
             >324
             <324  [2, 7, 4, 1, 4, 7, 9, 7, 9, 8, 4]
           <323  [2, 3, 2, 1, 1, 3, 1]
           >325
             >326
             <326  [9, 5, 4, 5, 1, 9, 3]
           <325  [3, 2, 2, 3, 1, 2, 1]
           >327
             >328
             <328  [9, 7, 5, 3, 3, 5, 1]
           <327  [1, 1, 3, 2, 2, 2, 1, 3]
         <322  [1, 5, 1, 2, 2, 4]
         >329
           >330
             >331
             <331  [5, 6, 5, 1, 1, 5, 9]
           <330  [3, 2, 1, 3, 1, 2, 2, 3]
           >332
             >333
             <333  [6, 1, 2, 9, 8, 2]
           <332  [1, 2, 3, 1, 2, 1, 3]
           >334
             >335
             <335  [1, 2, 9, 5, 6, 6]
           <334  [1, 1, 2, 1, 1]
         <329  [1, 1, 2, 5, 3]
         >336
           >337
             >338
             <338  [1, 2, 9, 4, 5, 5, 3, 9, 6, 1]
           <337  [3, 2, 3, 3, 1, 3, 3, 1, 2]
           >339
             >340
             <340  [5, 7, 7, 1, 1, 4, 8, 8, 9, 8]
           <339  [1, 3, 3, 3, 1, 1, 3, 3, 3]
           >341
             >342
             <342  [7, 9, 9, 5, 2, 1, 5]
           <341  [2, 3, 2, 2, 1, 1, 3, 3, 3]
         <336  [4, 2, 5, 2, 2]
       <314  [1, 3, 6, 5]
       >343
         >344
           >345
             >346
             <346  [8, 7, 2, 5, 1, 1, 6, 2, 3, 8, 9]
           <345  [1, 2, 2, 1, 3]
           >347
             >348
             <348  [4, 6, 1, 9, 5, 9, 1, 9, 7, 1, 7]
           <347  [3, 1, 3, 1, 3, 3, 1]
           >349
             >350
             <350  [5, 4, 6, 8, 1, 4, 2, 3, 3, 3]
           <349  [1, 1, 3, 3, 3, 2, 2, 1, 2]
         <344  [5, 2, 3, 3, 5, 4]
         >351
           >352
             >353
             <353  [5, 8, 1, 2, 8, 4]
           <352  [3, 2, 3, 1, 2, 3, 3, 2]
           >354
             >355
             <355  [8, 1, 7, 4, 2, 3, 6, 8, 9]
           <354  [3, 1, 3, 1, 3, 2, 1, 1]
           >356
             >357
             <357  [5, 1, 3, 3, 7, 4, 4, 7, 3]
           <356  [3, 3, 2, 2, 1, 3, 3, 2]
         <351  [3, 2, 2, 4]
         >358
           >359
             >360
             <360  [4, 7, 1, 8, 8, 2, 2]
           <359  [1, 1, 2, 3, 1, 2, 2, 1]
           >361
             >362
             <362  [6, 2, 2, 7, 9, 4, 1, 4]
           <361  [3, 2, 1, 2, 1, 1, 3, 3, 1]
           >363
             >364
             <364  [3, 1, 7, 3, 4, 9]
           <363  [2, 1, 3, 2, 3, 1, 2, 1]
         <358  [5, 5, 2, 1, 1, 2]
         >365
           >366
             >367
             <367  [4, 4, 8, 1, 5, 3, 3, 7, 1]
           <366  [1, 2, 3, 1, 1]
           >368
             >369
             <369  [1, 6, 8, 1, 1, 9, 4]
           <368  [1, 2, 1, 3, 2]
           >370
             >371
             <371  [1, 6, 8, 1, 5, 5, 1, 5, 4]
           <370  [2, 3, 1, 2, 1]
         <365  [3, 4, 3, 5, 5, 3]
         >372
           >373
             >374
             <374  [1, 2, 6, 8, 4, 9, 1, 2, 1, 4, 8]
           <373  [1, 3, 1, 3, 2, 1]
           >375
             >376
             <376  [3, 5, 9, 2, 1, 4, 1, 1, 2, 7, 3]
           <375  [1, 1, 1, 3, 1, 1]
           >377
             >378
             <378  [3, 3, 1, 7, 7, 1]
           <377  [1, 3, 2, 1, 1, 1, 2, 3, 1]
         <372  [2, 2, 1, 4, 1, 1]
       <343  [2, 6, 4, 7, 7]
       >379
         >380
           >381
             >382
             <382  [6, 4, 1, 1, 1, 7, 7, 4, 5, 1]
           <381  [3, 3, 1, 2, 1, 1]
           >383
             >384
             <384  [7, 6, 8, 6, 5, 1, 8]
           <383  [2, 3, 3, 2, 2, 1, 1, 3]
           >385
             >386
             <386  [1, 1, 1, 1, 1, 7, 8]
           <385  [3, 1, 2, 2, 2, 1]
         <380  [1, 1, 2, 5]
         >387
           >388
             >389
             <389  [5, 8, 7, 1, 9, 5, 4, 2]
           <388  [3, 3, 1, 1, 3, 3, 1, 3, 1]
           >390
             >391
             <391  [4, 1, 8, 7, 3, 2, 8, 1]
           <390  [2, 3, 2, 1, 1, 1]
           >392
             >393
             <393  [1, 6, 6, 5, 8, 3, 6, 8, 5, 4]
           <392  [1, 3, 1, 1, 2, 2, 3, 2, 1]
         <387  [3, 2, 1, 5, 1, 3]
         >394
           >395
             >396
             <396  [3, 6, 1, 3, 8, 3, 7, 4, 5, 2, 2]
           <395  [1, 2, 2, 1, 3, 2, 1]
           >397
             >398
             <398  [2, 5, 7, 5, 1, 7]
           <397  [3, 1, 2, 1, 1, 2, 2, 3, 1]
           >399
             >400
             <400  [1, 1, 1, 8, 1, 8, 1, 4, 1, 2]
           <399  [1, 1, 2, 1, 1]
         <394  [1, 2, 5, 4, 1, 4]
         >401
           >402
             >403
             <403  [9, 1, 5, 6, 3, 7, 9]
           <402  [3, 1, 1, 3, 1]
           >404
             >405
             <405  [3, 9, 9, 7, 7, 1, 1, 8, 6, 2]
           <404  [3, 1, 1, 3, 3]
           >406
             >407
             <407  [5, 2, 1, 3, 7, 1, 6, 1, 9]
           <406  [3, 1, 2, 1, 1]
         <401  [4, 3, 2, 5, 2]
       <379  [2, 2, 5, 2, 6]
       >408
         >409
           >410
             >411
             <411  [2, 3, 9, 8, 8, 4, 1, 3]
           <410  [1, 1, 1, 3, 2, 1, 2, 2]
           >412
             >413
             <413  [6, 5, 1, 6, 9, 5, 6, 5, 9]
           <412  [1, 2, 3, 3, 2, 1]
           >414
             >415
             <415  [8, 2, 3, 9, 1, 9, 4, 1, 9]
           <414  [1, 3, 2, 1, 1, 3]
         <409  [3, 1, 4, 4]
         >416
           >417
             >418
             <418  [5, 3, 9, 8, 8, 7, 9, 5, 6, 1, 3]
           <417  [2, 3, 1, 2, 1, 1, 1, 2]
           >419
             >420
             <420  [2, 8, 7, 4, 8, 6, 1]
           <419  [2, 1, 2, 3, 3, 3, 2, 1]
           >421
             >422
             <422  [5, 3, 4, 5, 2, 1, 1, 8, 5, 1]
           <421  [2, 3, 1, 2, 2, 2, 2, 1, 2]
         <416  [1, 1, 5, 3, 3]
         >423
           >424
             >425
             <425  [3, 9, 9, 6, 3, 5, 1, 1, 2, 1, 3]
           <424  [1, 3, 2, 1, 2, 2, 1, 1]
           >426
             >427
             <427  [5, 1, 5, 6, 7, 8, 2, 6, 3, 3]
           <426  [2, 3, 1, 3, 3, 3, 3, 1]
           >428
             >429
             <429  [9, 4, 6, 7, 1, 3, 2, 6, 1, 5, 7]
           <428  [2, 2, 1, 3, 1, 3]
         <423  [4, 4, 1, 5, 3, 2]
         >430
           >431
             >432
             <432  [1, 5, 7, 4, 8, 5]
           <431  [2, 1, 2, 1, 1, 1]
           >433
             >434
             <434  [4, 9, 2, 1, 2, 3, 7, 3, 1]
           <433  [3, 1, 3, 2, 2, 1, 1, 2]
           >435
             >436
             <436  [3, 1, 1, 3, 5, 9]
           <435  [3, 1, 3, 2, 1, 2, 1, 1]
         <430  [4, 3, 2, 5]
       <408  [3, 2, 3, 5, 2]
     <219  [2, 7, 7]
     >437
       >438
         >439
           >440
             >441
             <441  [1, 4, 1, 9, 1, 2]
           <440  [1, 3, 1, 3, 3, 1]
           >442
             >443
             <443  [6, 8, 4, 2, 4, 6, 5, 2, 9, 1]
           <442  [3, 1, 3, 1, 1, 3, 2, 1, 3]
           >444
             >445
             <445  [4, 9, 1, 1, 9, 2, 6]
           <444  [1, 2, 3, 3, 2, 1, 3, 3]
         <439  [1, 4, 4, 1]
         >446
           >447
             >448
             <448  [8, 6, 2, 8, 1, 9, 5, 1, 8]
           <447  [1, 1, 1, 2, 2, 1, 2]
           >449
             >450
             <450  [1, 8, 1, 8, 4, 5, 9, 9, 9, 7, 1]
           <449  [1, 3, 1, 1, 2, 3]
           >451
             >452
             <452  [1, 4, 8, 5, 1, 7, 1]
           <451  [3, 1, 3, 3, 2, 3, 1]
         <446  [5, 2, 5, 2]
         >453
           >454
             >455
             <455  [9, 5, 1, 1, 5, 9]
           <454  [3, 2, 1, 1, 2, 1]
           >456
             >457
             <457  [3, 6, 1, 9, 8, 3, 4, 6, 5]
           <456  [2, 2, 2, 2, 1]
           >458
             >459
             <459  [7, 6, 8, 5, 1, 2]
           <458  [3, 1, 2, 1, 1, 3, 3]
         <453  [4, 1, 3, 5]
         >460
           >461
             >462
             <462  [4, 5, 6, 6, 5, 9, 3, 4, 1, 5, 8]
           <461  [2, 2, 1, 2, 2, 1, 1, 1]
           >463
             >464
             <464  [3, 9, 3, 2, 1, 4, 1, 2]
           <463  [3, 2, 1, 2, 1]
           >465
             >466
             <466  [4, 4, 3, 9, 9, 9, 1, 5, 3, 6, 9]
           <465  [1, 1, 2, 1, 3, 1]
         <460  [3, 1, 3, 1, 3, 4]
         >467
           >468
             >469
             <469  [6, 1, 9, 3, 8, 1, 1, 2, 6]
           <468  [1, 3, 2, 3, 2, 3, 2]
           >470
             >471
             <471  [8, 4, 7, 1, 8, 3]
           <470  [3, 3, 2, 2, 1, 1, 3, 1]
           >472
             >473
             <473  [1, 2, 6, 1, 1, 2]
           <472  [1, 3, 2, 2, 2, 1, 1, 3]
         <467  [3, 3, 4, 2]
       <438  [4, 5, 1, 4]
       >474
         >475
           >476
             >477
             <477  [5, 2, 8, 1, 2, 5, 9, 9]
           <476  [1, 2, 1, 2, 2, 3, 2, 2, 2]
           >478
             >479
             <479  [6, 9, 1, 8, 6, 1, 5, 1, 8, 6]
           <478  [2, 1, 2, 1, 1, 1, 1]
           >480
             >481
             <481  [1, 9, 1, 6, 2, 2]
           <480  [2, 2, 1, 1, 2, 1, 1]
         <475  [5, 4, 1, 2, 1, 4, 4]
         >482
           >483
             >484
             <484  [8, 5, 1, 1, 5, 8, 1, 5, 7, 6, 5]
           <483  [2, 1, 3, 1, 2]
           >485
             >486
             <486  [8, 1, 3, 6, 3, 7, 8, 1, 6, 6, 2]
           <485  [1, 2, 1, 3, 1, 3, 3, 2]
           >487
             >488
             <488  [4, 7, 6, 9, 7, 1, 1, 9, 2]
           <487  [1, 1, 1, 3, 3, 3, 3]
         <482  [5, 4, 5, 2, 2]
         >489
           >490
             >491
             <491  [5, 3, 1, 4, 2, 3, 6, 1, 9, 5]
           <490  [1, 2, 2, 1, 1, 2, 2]
           >492
             >493
             <493  [6, 1, 1, 8, 9, 3, 8, 1, 2, 9, 4]
           <492  [2, 2, 2, 3, 3, 1, 1]
           >494
             >495
             <495  [7, 4, 2, 2, 7, 5, 7, 6, 1, 1]
           <494  [2, 1, 1, 2, 2, 2, 1]
         <489  [2, 1, 4, 1, 2, 3, 2]
         >496
           >497
             >498
             <498  [6, 5, 1, 6, 3, 5]
           <497  [3, 1, 1, 1, 3]
           >499
             >500
             <500  [1, 7, 2, 2, 6, 4, 8, 2, 5, 9]
           <499  [1, 1, 2, 1, 3]
           >501
             >502
             <502  [8, 2, 5, 8, 9, 6, 8, 7, 1, 6]
           <501  [3, 1, 1, 3, 1, 2, 2, 3]
         <496  [1, 5, 2, 1, 2]
       <474  [1, 4, 1]
       >503
         >504
           >505
             >506
             <506  [4, 1, 1, 7, 9, 1]
           <505  [3, 3, 1, 2, 3]
           >507
             >508
             <508  [3, 2, 1, 8, 3, 3, 7]
           <507  [1, 2, 2, 2, 1, 3, 3, 3, 3]
           >509
             >510
             <510  [5, 1, 1, 1, 1, 2, 6, 5]
           <509  [3, 1, 2, 1, 2, 1, 3, 2, 3]
         <504  [5, 4, 4, 2, 1]
         >511
           >512
             >513
             <513  [4, 6, 5, 8, 9, 8, 1, 8, 8, 5]
           <512  [1, 1, 2, 1, 2, 1, 2, 1]
           >514
             >515
             <515  [2, 7, 6, 8, 1, 8, 3, 4, 6]
           <514  [1, 3, 2, 3, 1, 3, 3, 3, 2]
           >516
             >517
             <517  [7, 5, 2, 8, 1, 6, 8, 1, 3, 2, 9]
           <516  [2, 1, 2, 1, 3, 1]
         <511  [2, 2, 3, 3, 4, 1]
         >518
           >519
             >520
             <520  [3, 4, 7, 2, 1, 2, 4, 1]
           <519  [1, 3, 3, 2, 1, 3, 1, 1]
           >521
             >522
             <522  [9, 5, 1, 9, 6, 6, 5, 5, 5]
           <521  [1, 2, 3, 3, 3, 2, 1, 1]
           >523
             >524
             <524  [8, 4, 3, 7, 5, 8, 1, 4]
           <523  [2, 3, 1, 3, 3, 3]
         <518  [1, 4, 5, 5, 2, 3]
         >525
           >526
             >527
             <527  [1, 3, 7, 2, 6, 6, 9, 6]
           <526  [1, 1, 1, 1, 1, 3, 3, 1]
           >528
             >529
             <529  [5, 1, 9, 1, 8, 8, 7, 9, 8, 1]
           <528  [2, 1, 3, 1, 1, 1, 3, 1]
           >530
             >531
             <531  [6, 9, 1, 9, 8, 5, 1, 1, 2]
           <530  [1, 3, 1, 1, 2, 1, 3, 1, 1]
         <525  [1, 1, 2, 2, 2, 3, 2]
       <503  [2, 4, 4]
       >532
         >533
           >534
             >535
             <535  [9, 3, 1, 5, 5, 3, 9, 6, 5, 9, 1]
           <534  [3, 2, 2, 2, 1]
           >536
             >537
             <537  [5, 2, 9, 8, 6, 4, 1, 2, 9]
           <536  [1, 1, 3, 1, 2, 3, 1, 3]
           >538
             >539
             <539  [7, 9, 2, 1, 4, 6]
           <538  [1, 3, 3, 2, 1, 1]
         <533  [3, 3, 2, 2, 5, 5]
         >540
           >541
             >542
             <542  [1, 9, 8, 3, 1, 2, 2, 5, 1]
           <541  [1, 2, 3, 2, 1, 2, 3]
           >543
             >544
             <544  [7, 6, 3, 1, 6, 9, 8]
           <543  [3, 1, 1, 1, 2, 3, 1]
           >545
             >546
             <546  [5, 3, 7, 1, 6, 1]
           <545  [2, 2, 2, 1, 2, 1, 2, 3]
         <540  [3, 1, 3, 3, 3, 3]
         >547
           >548
             >549
             <549  [3, 8, 3, 1, 6, 2, 3, 1]
           <548  [2, 2, 2, 1, 1, 2, 3]
           >550
             >551
             <551  [2, 7, 9, 1, 3, 2, 4, 3]
           <550  [1, 1, 1, 2, 1, 1, 3]
           >552
             >553
             <553  [2, 6, 1, 4, 3, 2, 3, 2, 1, 5, 7]
           <552  [1, 3, 2, 1, 3, 3, 1]
         <547  [5, 3, 4, 4, 3, 5, 2]
         >554
           >555
             >556
             <556  [5, 5, 4, 5, 9, 1, 8, 1]
           <555  [1, 1, 3, 3, 2, 2, 2]
           >557
             >558
             <558  [4, 9, 3, 7, 5, 1, 3]
           <557  [1, 1, 2, 1, 1, 2, 1, 2]
           >559
             >560
             <560  [8, 3, 1, 4, 6, 8, 4, 7, 6, 1, 6]
           <559  [2, 1, 3, 1, 3, 1]
         <554  [3, 3, 4, 3]
         >561
           >562
             >563
             <563  [8, 1, 7, 5, 2, 9, 1, 3, 9]
           <562  [2, 3, 2, 1, 1, 1, 1, 1]
           >564
             >565
             <565  [6, 1, 5, 9, 2, 2, 1]
           <564  [2, 3, 3, 3, 2, 3, 1, 1, 3]
           >566
             >567
             <567  [1, 1, 5, 2, 4, 3, 2]
           <566  [3, 1, 1, 1, 1]
         <561  [4, 4, 4, 1]
       <532  [3, 5, 3, 3, 2]
       >568
         >569
           >570
             >571
             <571  [1, 9, 2, 4, 7, 9, 7, 6]
           <570  [3, 1, 1, 1, 1, 1, 1]
           >572
             >573
             <573  [4, 3, 2, 7, 1, 5, 1]
           <572  [1, 1, 1, 1, 2, 3]
           >574
             >575
             <575  [3, 2, 4, 7, 1, 2, 4, 1]
           <574  [2, 1, 1, 1, 3]
         <569  [5, 3, 3, 1, 3]
         >576
           >577
             >578
             <578  [1, 1, 2, 5, 2, 6, 3, 6]
           <577  [3, 2, 1, 1, 1, 2]
           >579
             >580
             <580  [9, 2, 4, 8, 1, 3, 1, 7, 1, 1]
           <579  [2, 2, 2, 1, 1, 1, 2, 3]
           >581
             >582
             <582  [9, 1, 8, 5, 9, 2, 1, 2, 7, 8, 7]
           <581  [1, 3, 1, 2, 2, 3, 3, 1, 1]
         <576  [1, 5, 2, 2, 2, 5]
         >583
           >584
             >585
             <585  [6, 1, 7, 8, 6, 5]
           <584  [2, 2, 1, 1, 2, 3, 3, 2, 1]
           >586
             >587
             <587  [4, 5, 5, 4, 1, 4, 2, 1, 5]
           <586  [1, 2, 3, 3, 3, 1, 1, 1, 1]
           >588
             >589
             <589  [5, 9, 4, 2, 1, 3, 3, 5]
           <588  [1, 1, 3, 3, 2, 2, 3, 3]
         <583  [1, 3, 5, 5, 3]
         >590
           >591
             >592
             <592  [1, 2, 2, 9, 1, 8, 8, 2, 5]
           <591  [1, 2, 1, 1, 1, 3]
           >593
             >594
             <594  [1, 3, 2, 5, 3, 5, 2, 5, 7, 9]
           <593  [2, 3, 1, 3, 2]
           >595
             >596
             <596  [7, 9, 1, 8, 2, 8]
           <595  [3, 3, 3, 1, 2, 2, 1, 2]
         <590  [3, 3, 5, 4, 1, 1, 1]
         >597
           >598
             >599
             <599  [6, 2, 2, 1, 6, 3, 3, 6, 3]
           <598  [2, 2, 1, 1, 1, 1, 1, 2]
           >600
             >601
             <601  [5, 1, 3, 8, 7, 8, 3, 9, 1, 1, 1]
           <600  [3, 1, 1, 2, 3, 2, 3]
           >602
             >603
             <603  [1, 1, 6, 1, 8, 6, 5, 2]
           <602  [1, 1, 2, 2, 1, 2]
         <597  [5, 1, 5, 1]
       <568  [2, 7, 2]
       >604
         >605
           >606
             >607
             <607  [3, 3, 1, 2, 4, 6]
           <606  [2, 2, 3, 2, 1]
           >608
             >609
             <609  [8, 1, 1, 5, 2, 4]
           <608  [3, 1, 1, 1, 1, 1, 2, 1]
           >610
             >611
             <611  [3, 5, 5, 6, 1, 1, 9, 5]
           <610  [2, 2, 3, 1, 2, 1, 1, 2]
         <605  [2, 2, 5, 3]
         >612
           >613
             >614
             <614  [8, 2, 2, 4, 8, 9, 1, 4, 9, 4]
           <613  [3, 1, 2, 2, 1]
           >615
             >616
             <616  [9, 2, 4, 6, 5, 5, 2, 1, 4, 6]
           <615  [3, 3, 2, 1, 2, 1]
           >617
             >618
             <618  [9, 1, 1, 8, 2, 1, 6, 9, 1]
           <617  [3, 1, 1, 1, 3, 1]
         <612  [5, 2, 3, 3, 2]
         >619
           >620
             >621
             <621  [1, 8, 5, 6, 1, 7, 7, 4, 4]
           <620  [3, 3, 2, 1, 3, 2, 2]
           >622
             >623
             <623  [8, 7, 6, 1, 2, 9, 3, 2]
           <622  [2, 2, 2, 2, 1]
           >624
             >625
             <625  [1, 6, 1, 4, 9, 6, 7, 4]
           <624  [3, 1, 2, 1, 1]
         <619  [5, 2, 2, 1, 1]
         >626
           >627
             >628
             <628  [7, 3, 5, 4, 1, 4, 1, 1, 4, 6]
           <627  [3, 2, 2, 3, 3, 1]
           >629
             >630
             <630  [9, 6, 4, 7, 5, 1, 6]
           <629  [1, 1, 3, 1, 2, 1, 3, 2, 2]
           >631
             >632
             <632  [6, 6, 2, 1, 9, 7]
           <631  [2, 1, 1, 1, 3]
         <626  [1, 2, 5, 5]
       <604  [2, 4, 3, 5, 4]
     <437  [2, 5]
     >633
       >634
         >635
           >636
             >637
             <637  [3, 1, 2, 3, 1, 4, 8, 4, 7, 5]
           <636  [2, 3, 3, 1, 1]
           >638
             >639
             <639  [1, 4, 5, 7, 4, 1, 2, 5, 6, 7]
           <638  [1, 3, 3, 2, 3, 1, 1, 3, 3]
           >640
             >641
             <641  [5, 3, 8, 7, 5, 9, 1, 6, 6]
           <640  [1, 3, 3, 1, 2]
         <635  [1, 2, 2, 4, 3, 3, 1]
         >642
           >643
             >644
             <644  [8, 4, 8, 8, 7, 3, 6, 1, 1, 2, 2]
           <643  [3, 3, 3, 2, 1, 2, 1, 1]
           >645
             >646
             <646  [2, 8, 9, 6, 1, 4, 7, 2, 4]
           <645  [3, 1, 2, 1, 3, 2]
           >647
             >648
             <648  [6, 3, 8, 4, 2, 1, 6, 2, 9]
           <647  [1, 3, 2, 2, 2, 3, 1, 2, 1]
         <642  [2, 5, 5, 5, 4, 1, 4]
         >649
           >650
             >651
             <651  [2, 4, 3, 8, 1, 6, 2, 4, 8, 1]
           <650  [3, 3, 3, 3, 1]
           >652
             >653
             <653  [3, 1, 1, 2, 3, 2, 7, 3, 1, 1, 6]
           <652  [3, 2, 1, 2, 3, 2, 1]
           >654
             >655
             <655  [2, 8, 9, 8, 5, 1, 7, 5]
           <654  [3, 1, 2, 3, 3, 1, 3, 3]
         <649  [2, 5, 4, 4]
         >656
           >657
             >658
             <658  [8, 2, 2, 1, 1, 3, 4, 5, 2, 2]
           <657  [3, 3, 2, 1, 3, 1, 1, 1]
           >659
             >660
             <660  [2, 7, 1, 7, 2, 5, 8]
           <659  [1, 2, 1, 3, 1]
           >661
             >662
             <662  [4, 7, 1, 2, 4, 9, 5, 8, 1]
           <661  [3, 1, 2, 2, 3, 1, 1, 1, 2]
         <656  [1, 1, 1, 5, 2]
         >663
           >664
             >665
             <665  [6, 5, 8, 5, 8, 5, 1, 2]
           <664  [3, 1, 2, 3, 1, 2, 1]
           >666
             >667
             <667  [3, 1, 7, 5, 7, 1, 2, 5]
           <666  [1, 2, 1, 2, 1]
           >668
             >669
             <669  [2, 7, 9, 5, 3, 8, 2, 1]
           <668  [1, 2, 1, 1, 2, 3, 3]
         <663  [4, 4, 3, 2]
       <634  [2, 1, 3, 5, 7]
       >670
         >671
           >672
             >673
             <673  [4, 3, 3, 9, 4, 1, 9]
           <672  [3, 2, 1, 1, 2, 2, 3]
           >674
             >675
             <675  [9, 5, 2, 1, 1, 4, 4, 1, 4]
           <674  [2, 1, 1, 3, 3, 2]
           >676
             >677
             <677  [4, 5, 9, 1, 1, 4]
           <676  [2, 1, 2, 1, 1, 1, 2]
         <671  [1, 1, 1, 2, 3]
         >678
           >679
             >680
             <680  [7, 5, 1, 5, 3, 3]
           <679  [3, 3, 2, 2, 2, 2, 1, 1]
           >681
             >682
             <682  [1, 5, 8, 5, 8, 1, 6, 6, 8]
           <681  [1, 1, 1, 3, 3, 3]
           >683
             >684
             <684  [7, 9, 9, 3, 1, 1, 5, 1]
           <683  [1, 3, 1, 3, 3, 1, 2, 1]
         <678  [1, 1, 1, 2]
         >685
           >686
             >687
             <687  [4, 6, 1, 7, 4, 3, 1, 5, 2]
           <686  [2, 2, 1, 3, 3, 2, 3, 1, 1]
           >688
             >689
             <689  [4, 6, 9, 6, 7, 9, 9, 4, 1]
           <688  [1, 2, 2, 1, 3]
           >690
             >691
             <691  [7, 2, 7, 6, 7, 1]
           <690  [3, 3, 3, 3, 2, 1, 1]
         <685  [4, 5, 5, 3, 2, 3]
         >692
           >693
             >694
             <694  [5, 8, 8, 2, 1, 9, 4, 8]
           <693  [2, 3, 3, 1, 1]
           >695
             >696
             <696  [5, 8, 1, 3, 1, 1, 7, 8, 4, 3, 6]
           <695  [3, 2, 2, 3, 1, 3, 3, 1, 1]
           >697
             >698
             <698  [1, 1, 3, 3, 8, 5, 7, 1, 6, 6]
           <697  [3, 3, 2, 1, 1, 2, 1]
         <692  [4, 3, 3, 5, 2, 4]
         >699
           >700
             >701
             <701  [9, 1, 8, 9, 1, 7]
           <700  [1, 3, 1, 1, 2, 1, 3, 3]
           >702
             >703
             <703  [7, 1, 8, 9, 7, 1, 1]
           <702  [3, 2, 1, 1, 1, 1, 3, 3]
           >704
             >705
             <705  [8, 1, 7, 1, 6, 6, 2, 3, 1, 9, 5]
           <704  [1, 2, 3, 2, 3, 1, 2]
         <699  [4, 3, 1, 5]
       <670  [7, 1, 1, 7, 5]
       >706
         >707
           >708
             >709
             <709  [1, 8, 4, 3, 8, 9, 6, 7, 6, 6]
           <708  [3, 2, 2, 1, 2, 3, 1, 1]
           >710
             >711
             <711  [5, 1, 1, 8, 4, 6]
           <710  [1, 2, 3, 1, 3]
           >712
             >713
             <713  [1, 7, 1, 2, 4, 7]
           <712  [2, 2, 2, 3, 1, 2]
         <707  [1, 2, 5, 1, 3, 2]
         >714
           >715
             >716
             <716  [7, 4, 1, 5, 2, 3, 8, 7]
           <715  [1, 1, 3, 1, 1]
           >717
             >718
             <718  [1, 4, 7, 2, 2, 8, 3, 7, 1]
           <717  [3, 1, 3, 1, 2, 2]
           >719
             >720
             <720  [6, 4, 6, 6, 7, 2, 5, 5, 9, 6, 1]
           <719  [2, 3, 2, 3, 2, 1, 1, 1]
         <714  [5, 1, 2, 5, 4, 1, 2]
         >721
           >722
             >723
             <723  [4, 2, 1, 4, 7, 1, 3, 9, 2, 6, 7]
           <722  [3, 1, 1, 2, 3, 1]
           >724
             >725
             <725  [4, 9, 9, 1, 4, 1, 6, 7, 9, 5]
           <724  [1, 1, 3, 2, 3]
           >726
             >727
             <727  [6, 8, 3, 1, 3, 8, 1, 1, 2]
           <726  [1, 3, 3, 1, 2, 1, 1]
         <721  [3, 5, 4, 5, 1]
         >728
           >729
             >730
             <730  [2, 9, 8, 6, 1, 3, 1, 7, 2]
           <729  [1, 1, 1, 1, 1, 3]
           >731
             >732
             <732  [3, 4, 5, 1, 9, 9]
           <731  [2, 3, 1, 2, 3, 3, 3, 1]
           >733
             >734
             <734  [1, 3, 7, 1, 1, 8, 7, 5]
           <733  [1, 2, 3, 1, 1, 2]
         <728  [4, 1, 3, 5, 1, 1, 4]
         >735
           >736
             >737
             <737  [5, 1, 5, 7, 1, 6, 8, 2, 1, 4, 5]
           <736  [2, 1, 3, 1, 3, 1, 1, 3]
           >738
             >739
             <739  [8, 8, 1, 7, 3, 3, 4, 3, 3, 7, 9]
           <738  [2, 2, 1, 3, 3, 1, 3, 2]
           >740
             >741
             <741  [3, 4, 5, 8, 6, 6, 1]
           <740  [2, 1, 1, 3, 1, 3]
         <735  [5, 4, 5, 1, 2, 2]
       <706  [5, 6, 2]
       >742
         >743
           >744
             >745
             <745  [7, 8, 7, 5, 1, 7]
           <744  [2, 3, 1, 1, 1, 1, 1, 1]
           >746
             >747
             <747  [5, 1, 1, 2, 1, 2, 8, 1]
           <746  [3, 1, 1, 1, 2, 3]
           >748
             >749
             <749  [2, 7, 1, 2, 6, 9, 3]
           <748  [3, 1, 2, 2, 2, 1, 1, 3]
         <743  [1, 4, 2, 3]
         >750
           >751
             >752
             <752  [5, 1, 7, 7, 1, 2, 2, 3, 7, 9]
           <751  [2, 1, 2, 1, 3, 1, 3, 2, 1]
           >753
             >754
             <754  [8, 3, 6, 3, 1, 4, 3, 1, 3]
           <753  [1, 2, 1, 1, 3]
           >755
             >756
             <756  [3, 8, 2, 1, 3, 7, 1, 6, 1, 6]
           <755  [2, 2, 1, 3, 2, 1, 3, 1, 2]
         <750  [2, 1, 3, 4, 4, 1, 1]
         >757
           >758
             >759
             <759  [1, 4, 2, 2, 7, 5, 6, 7, 7]
           <758  [2, 1, 3, 1, 1, 3, 1, 1, 2]
           >760
             >761
             <761  [7, 3, 1, 5, 2, 3]
           <760  [2, 1, 2, 1, 1, 3, 1, 1]
           >762
             >763
             <763  [1, 5, 2, 2, 4, 7, 1, 8]
           <762  [2, 2, 3, 1, 1, 2, 3, 1]
         <757  [4, 5, 3, 1, 5, 4, 3]
         >764
           >765
             >766
             <766  [4, 9, 1, 4, 9, 3]
           <765  [1, 2, 3, 1, 1, 3, 3, 2]
           >767
             >768
             <768  [1, 5, 2, 5, 1, 5]
           <767  [3, 3, 3, 1, 1, 2]
           >769
             >770
             <770  [5, 3, 4, 1, 5, 5, 6, 8]
           <769  [3, 3, 1, 1, 2, 2, 2, 1, 1]
         <764  [5, 4, 1, 1, 4]
         >771
           >772
             >773
             <773  [9, 8, 2, 1, 2, 1, 4, 1, 3, 3, 5]
           <772  [1, 3, 2, 2, 1, 1, 2, 1]
           >774
             >775
             <775  [2, 1, 2, 3, 2, 1, 2]
           <774  [1, 1, 3, 2, 2, 2, 3, 3, 1]
           >776
             >777
             <777  [3, 8, 9, 7, 5, 1, 9, 7, 9, 4, 1]
           <776  [1, 3, 1, 2, 1, 2]
         <771  [4, 2, 1, 1]
       <742  [2, 4, 6, 5, 7]
       >778
         >779
           >780
             >781
             <781  [3, 2, 9, 9, 5, 1]
           <780  [1, 1, 3, 2, 3, 1]
           >782
             >783
             <783  [8, 1, 3, 9, 1, 5, 7, 1, 6, 7]
           <782  [3, 1, 3, 2, 1, 2]
           >784
             >785
             <785  [1, 9, 1, 4, 4, 6]
           <784  [3, 2, 3, 1, 1, 1, 1, 3, 2]
         <779  [5, 1, 1, 3, 5, 3]
         >786
           >787
             >788
             <788  [2, 7, 5, 3, 8, 1, 1, 5, 1]
           <787  [1, 1, 3, 3, 2, 2]
           >789
             >790
             <790  [1, 9, 5, 4, 6, 4, 7, 5, 9, 2]
           <789  [1, 1, 1, 1, 2]
           >791
             >792
             <792  [9, 4, 2, 1, 3, 4, 3]
           <791  [1, 3, 1, 1, 1, 1, 1, 2]
         <786  [5, 2, 2, 5, 2]
         >793
           >794
             >795
             <795  [3, 1, 2, 3, 5, 8, 7, 5, 8]
           <794  [2, 2, 1, 2, 2, 1, 2, 3]
           >796
             >797
             <797  [1, 1, 5, 1, 8, 2, 1, 8]
           <796  [1, 3, 1, 1, 2, 3, 1, 1, 1]
           >798
             >799
             <799  [7, 1, 7, 5, 3, 3, 1]
           <798  [1, 3, 1, 2, 2, 1, 2, 1]
         <793  [4, 3, 3, 1, 3]
         >800
           >801
             >802
             <802  [9, 9, 5, 6, 2, 9, 8, 1, 4, 4, 5]
           <801  [2, 1, 3, 2, 3, 3, 1, 2]
           >803
             >804
             <804  [9, 7, 6, 1, 6, 6, 1]
           <803  [1, 1, 3, 3, 2, 1]
           >805
             >806
             <806  [1, 1, 8, 7, 3, 4, 5, 3, 8, 7, 9]
           <805  [1, 3, 3, 1, 3, 3]
         <800  [4, 1, 5, 3, 5]
       <778  [2, 3, 2]
       >807
         >808
           >809
             >810
             <810  [3, 8, 8, 2, 2, 5, 5, 1, 1, 6, 4]
           <809  [1, 1, 1, 3, 2, 3, 1, 1, 2]
           >811
             >812
             <812  [1, 1, 6, 1, 6, 2, 8, 5, 4]
           <811  [1, 3, 3, 3, 1]
           >813
             >814
             <814  [5, 8, 9, 4, 3, 9, 1, 1, 1, 5, 7]
           <813  [3, 1, 3, 2, 2, 3, 2, 1]
         <808  [4, 4, 5, 4, 2]
         >815
           >816
             >817
             <817  [9, 9, 8, 1, 6, 9, 4, 6]
           <816  [2, 3, 2, 2, 1]
           >818
             >819
             <819  [1, 4, 6, 2, 3, 2, 8, 3, 3, 6]
           <818  [2, 1, 3, 2, 3, 2, 1]
           >820
             >821
             <821  [6, 5, 1, 6, 1, 1, 5]
           <820  [3, 2, 2, 2, 1, 1, 2, 3]
         <815  [1, 5, 2, 4]
         >822
           >823
             >824
             <824  [4, 1, 1, 4, 6, 7, 5, 5, 8, 5, 6]
           <823  [3, 2, 3, 2, 1, 3, 1, 2, 1]
           >825
             >826
             <826  [1, 4, 3, 2, 1, 1]
           <825  [2, 3, 1, 1, 2, 3, 3]
           >827
             >828
             <828  [9, 9, 1, 2, 5, 2, 3, 3]
           <827  [3, 2, 1, 1, 3, 2, 1, 2]
         <822  [4, 2, 2, 4, 2]
         >829
           >830
             >831
             <831  [8, 6, 8, 2, 1, 4]
           <830  [2, 1, 3, 3, 2, 3, 2, 3, 3]
           >832
             >833
             <833  [1, 4, 9, 2, 9, 3, 5]
           <832  [1, 1, 1, 3, 1, 3, 3, 1, 2]
           >834
             >835
             <835  [1, 6, 5, 2, 3, 4, 1, 4, 9, 1, 4]
           <834  [1, 2, 2, 3, 2, 2, 2]
         <829  [5, 1, 3, 1, 2, 4, 2]
       <807  [5, 5, 1]
     <633  [4, 4, 1]
     >836
       >837
         >838
           >839
             >840
             <840  [9, 1, 8, 1, 3, 7, 9, 4, 7, 4, 2]
           <839  [1, 3, 1, 2, 1, 1, 3]
           >841
             >842
             <842  [6, 6, 2, 6, 9, 7, 6, 7, 9, 1]
           <841  [2, 3, 2, 3, 2, 3, 3, 1, 1]
           >843
             >844
             <844  [9, 1, 6, 3, 9, 3, 9, 6, 1, 8]
           <843  [1, 2, 3, 1, 2]
         <838  [4, 1, 4, 5, 3]
         >845
           >846
             >847
             <847  [1, 1, 7, 9, 9, 8, 1, 8, 5, 4, 3]
           <846  [1, 2, 3, 3, 1, 3, 2]
           >848
             >849
             <849  [6, 5, 9, 2, 1, 4, 8, 6, 6]
           <848  [2, 3, 3, 1, 1]
           >850
             >851
             <851  [8, 2, 4, 4, 1, 5, 8, 2, 7, 6]
           <850  [1, 3, 3, 1, 3, 1]
         <845  [3, 4, 5, 5, 2, 5]
         >852
           >853
             >854
             <854  [2, 9, 1, 6, 1, 5]
           <853  [1, 3, 2, 1, 3, 1, 2, 2]
           >855
             >856
             <856  [7, 2, 7, 5, 6, 1, 5]
           <855  [1, 1, 3, 1, 1, 2, 1, 2]
           >857
             >858
             <858  [3, 7, 8, 1, 6, 1]
           <857  [1, 1, 3, 3, 2, 1, 2, 2]
         <852  [2, 4, 1, 1, 2, 2]
         >859
           >860
             >861
             <861  [8, 6, 7, 1, 2, 7]
           <860  [1, 2, 2, 1, 2, 1, 2]
           >862
             >863
             <863  [3, 6, 4, 3, 1, 1]
           <862  [1, 1, 3, 2, 1, 3, 3]
           >864
             >865
             <865  [9, 4, 5, 1, 4, 1, 8, 1, 1, 8, 5]
           <864  [3, 2, 1, 2, 2, 1, 2]
         <859  [5, 2, 1, 1]
       <837  [1, 6, 1, 6, 5]
       >866
         >867
           >868
             >869
             <869  [3, 5, 4, 4, 3, 1]
           <868  [3, 3, 3, 3, 3, 1, 3]
           >870
             >871
             <871  [1, 8, 3, 9, 7, 3, 3]
           <870  [3, 2, 3, 1, 3, 1, 3, 2]
           >872
             >873
             <873  [9, 8, 6, 8, 5, 5, 8, 3, 7, 9, 1]
           <872  [3, 3, 3, 1, 1, 1, 2]
         <867  [2, 3, 1, 5, 1, 2, 5]
         >874
           >875
             >876
             <876  [1, 5, 4, 1, 5, 9]
           <875  [1, 3, 3, 3, 2, 2, 2, 2]
           >877
             >878
             <878  [9, 2, 7, 9, 1, 8, 5, 3, 3, 3]
           <877  [1, 1, 2, 3, 2, 1, 1]
           >879
             >880
             <880  [8, 2, 3, 9, 1, 6]
           <879  [3, 1, 1, 2, 1, 1, 3, 1]
         <874  [2, 2, 3, 4, 5, 2, 5]
         >881
           >882
             >883
             <883  [6, 8, 1, 9, 2, 3, 7, 9, 9, 7, 2]
           <882  [1, 1, 1, 1, 1, 3]
           >884
             >885
             <885  [1, 5, 2, 1, 2, 1]
           <884  [1, 3, 1, 1, 3]
           >886
             >887
             <887  [7, 9, 6, 1, 8, 1]
           <886  [1, 2, 3, 1, 3, 3, 2, 1]
         <881  [3, 2, 1, 3, 4]
         >888
           >889
             >890
             <890  [1, 7, 1, 2, 9, 2, 8, 6, 7]
           <889  [3, 2, 2, 1, 2, 1, 1]
           >891
             >892
             <892  [4, 5, 1, 2, 4, 6, 1, 9]
           <891  [2, 1, 1, 3, 3]
           >893
             >894
             <894  [5, 5, 1, 1, 3, 9, 5, 2, 1]
           <893  [3, 3, 2, 1, 2, 3, 2, 1, 2]
         <888  [1, 5, 1, 1, 1, 3]
         >895
           >896
             >897
             <897  [6, 7, 2, 1, 5, 8, 8, 1, 1, 1, 3]
           <896  [1, 3, 1, 3, 3, 2]
           >898
             >899
             <899  [8, 1, 9, 6, 3, 3, 6]
           <898  [3, 2, 1, 3, 1, 2, 1, 1, 1]
           >900
             >901
             <901  [1, 1, 5, 2, 8, 3, 8, 2, 4]
           <900  [2, 3, 1, 1, 1, 2, 2, 2, 1]
         <895  [4, 2, 1, 2, 1, 4]
       <866  [4, 7, 7, 1, 4]
       >902
         >903
           >904
             >905
             <905  [5, 6, 1, 5, 1, 7, 5, 5, 4, 7]
           <904  [3, 2, 2, 1, 3]
           >906
             >907
             <907  [1, 5, 6, 9, 2, 2, 6, 7, 1]
           <906  [1, 2, 2, 1, 3, 1, 3]
           >908
             >909
             <909  [8, 6, 7, 6, 2, 1]
           <908  [2, 1, 3, 1, 2, 1, 2]
         <903  [3, 1, 3, 3, 1]
         >910
           >911
             >912
             <912  [8, 6, 1, 1, 7, 4, 1]
           <911  [1, 3, 2, 2, 1, 2, 1, 3, 3]
           >913
             >914
             <914  [1, 5, 6, 1, 4, 2, 3, 4, 2]
           <913  [3, 1, 2, 3, 2, 1, 3, 1]
           >915
             >916
             <916  [1, 5, 1, 3, 9, 2, 1, 9, 7, 8, 7]
           <915  [3, 1, 3, 3, 3]
         <910  [3, 5, 3, 1, 4, 2]
         >917
           >918
             >919
             <919  [1, 1, 1, 7, 1, 1, 3, 8, 7, 2, 4]
           <918  [1, 1, 2, 3, 2, 3, 1]
           >920
             >921
             <921  [2, 8, 3, 1, 3, 2, 6]
           <920  [3, 1, 1, 1, 2, 2]
           >922
             >923
             <923  [1, 8, 5, 8, 7, 7]
           <922  [2, 2, 1, 1, 1, 1]
         <917  [1, 1, 3, 3, 2, 1]
         >924
           >925
             >926
             <926  [8, 9, 2, 8, 9, 4, 1, 6, 6, 1, 3]
           <925  [1, 3, 2, 1, 1, 1, 3, 1]
           >927
             >928
             <928  [2, 3, 5, 7, 3, 8, 1, 7, 6, 1, 2]
           <927  [3, 1, 3, 2, 2]
           >929
             >930
             <930  [1, 3, 8, 4, 6, 5, 1, 3]
           <929  [1, 3, 1, 2, 2, 2]
         <924  [2, 2, 5, 4, 1, 4, 1]
         >931
           >932
             >933
             <933  [9, 1, 2, 4, 3, 3]
           <932  [3, 1, 3, 2, 2, 3, 2]
           >934
             >935
             <935  [3, 7, 4, 1, 8, 8]
           <934  [1, 3, 1, 1, 3, 3, 2, 2, 2]
           >936
             >937
             <937  [7, 3, 5, 2, 2, 9, 1, 4]
           <936  [1, 2, 3, 2, 3, 2, 3]
         <931  [2, 2, 2, 2]
       <902  [3, 6, 3, 5, 2]
       >938
         >939
           >940
             >941
             <941  [2, 5, 4, 1, 4, 5, 2, 6, 5]
           <940  [2, 3, 1, 1, 3, 3, 2]
           >942
             >943
             <943  [2, 3, 8, 9, 1, 8, 2, 1]
           <942  [1, 1, 3, 2, 2]
           >944
             >945
             <945  [8, 1, 1, 6, 3, 5, 9, 4, 2, 5]
           <944  [1, 1, 3, 3, 1, 2, 3, 1]
         <939  [2, 2, 3, 3, 4]
         >946
           >947
             >948
             <948  [6, 1, 6, 3, 7, 3, 9]
           <947  [1, 1, 1, 2, 3, 3, 1, 2]
           >949
             >950
             <950  [1, 7, 3, 5, 7, 4, 6, 4, 7]
           <949  [1, 3, 1, 1, 1]
           >951
             >952
             <952  [5, 3, 4, 9, 2, 1]
           <951  [1, 2, 2, 3, 3, 2, 1, 1, 3]
         <946  [4, 4, 2, 4]
         >953
           >954
             >955
             <955  [8, 6, 6, 7, 2, 9, 4, 1, 1, 6, 3]
           <954  [2, 1, 1, 3, 2, 2, 3]
           >956
             >957
             <957  [7, 5, 8, 4, 4, 5, 1, 3]
           <956  [3, 3, 2, 1, 1, 1]
           >958
             >959
             <959  [1, 5, 3, 2, 2, 1, 7, 6]
           <958  [1, 3, 1, 1, 1, 3, 3, 2]
         <953  [3, 1, 1, 1, 1]
         >960
           >961
             >962
             <962  [1, 1, 4, 2, 7, 9, 4]
           <961  [1, 2, 2, 3, 1, 2, 1, 1, 3]
           >963
             >964
             <964  [1, 8, 8, 8, 7, 1, 5, 9, 8, 3, 1]
           <963  [3, 1, 1, 1, 1, 3]
           >965
             >966
             <966  [1, 1, 1, 8, 9, 4, 7, 9, 4, 8]
           <965  [2, 1, 3, 1, 3, 1, 1]
         <960  [2, 2, 5, 3, 3]
         >967
           >968
             >969
             <969  [1, 7, 3, 4, 6, 7, 4, 6, 1, 4]
           <968  [3, 2, 1, 3, 2, 1, 1, 2, 2]
           >970
             >971
             <971  [2, 5, 1, 1, 9, 9, 3, 2, 4, 6, 9]
           <970  [1, 1, 3, 2, 2, 1]
           >972
             >973
             <973  [4, 9, 8, 2, 1, 7, 1, 3, 9, 6]
           <972  [1, 1, 1, 1, 3, 1]
         <967  [5, 1, 3, 2, 3, 2]
       <938  [5, 6, 1, 3, 2]
       >974
         >975
           >976
             >977
             <977  [9, 4, 9, 6, 1, 8, 7, 6, 8]
           <976  [1, 2, 1, 1, 2, 2, 2, 3, 2]
           >978
             >979
             <979  [4, 7, 1, 7, 1, 1, 8]
           <978  [1, 3, 1, 3, 1, 1, 3, 2]
           >980
             >981
             <981  [1, 1, 9, 1, 4, 5, 5, 1, 2, 6, 8]
           <980  [1, 2, 2, 1, 3, 1, 2, 2]
         <975  [1, 1, 3, 4, 3]
         >982
           >983
             >984
             <984  [7, 1, 6, 1, 9, 8, 8]
           <983  [1, 1, 1, 1, 3, 1, 3, 1, 2]
           >985
             >986
             <986  [4, 6, 1, 1, 1, 9, 2, 6, 8, 2, 2]
           <985  [1, 3, 3, 1, 1, 2, 1, 2]
           >987
             >988
             <988  [4, 5, 4, 1, 5, 9, 6, 6, 1]
           <987  [2, 1, 2, 1, 1, 3, 3]
         <982  [1, 1, 2, 1, 5, 2]
         >989
           >990
             >991
             <991  [7, 2, 8, 9, 1, 7]
           <990  [3, 1, 1, 2, 2, 3, 3, 1]
           >992
             >993
             <993  [1, 8, 4, 1, 8, 3, 5, 3]
           <992  [2, 1, 2, 3, 3, 1, 3, 3, 1]
           >994
             >995
             <995  [4, 5, 4, 2, 2, 8, 5, 1, 5]
           <994  [1, 1, 2, 2, 3, 3, 3]
         <989  [4, 5, 3, 3, 2]
         >996
           >997
             >998
             <998  [1, 9, 7, 2, 3, 7, 3, 6, 2, 7]
           <997  [3, 2, 2, 2, 1, 3, 3, 3]
           >999
             >1000
             <1000  [8, 7, 2, 6, 1, 8, 3, 8, 1]
           <999  [1, 2, 3, 2, 3, 1, 2]
           >1001
             >1002
             <1002  [4, 1, 8, 1, 3, 3, 2]
           <1001  [2, 3, 1, 1, 1, 1, 1, 1, 3]
         <996  [1, 4, 4, 3, 1, 1, 2]
         >1003
           >1004
             >1005
             <1005  [7, 3, 8, 9, 9, 2, 1, 5, 1, 9, 4]
           <1004  [1, 1, 3, 2, 3]
           >1006
             >1007
             <1007  [5, 1, 3, 3, 4, 4, 7, 9, 6]
           <1006  [1, 1, 1, 1, 2, 2, 1]
           >1008
             >1009
             <1009  [1, 6, 1, 7, 8, 9, 9]
           <1008  [3, 1, 1, 3, 1, 2, 1, 2]
         <1003  [5, 2, 5, 2, 3, 2, 3]
       <974  [7, 3, 6, 5, 1]
       >1010
         >1011
           >1012
             >1013
             <1013  [1, 7, 9, 1, 7, 3, 8, 4, 9, 3]
           <1012  [1, 3, 3, 3, 3, 1, 2, 2, 2]
           >1014
             >1015
             <1015  [1, 9, 9, 2, 2, 9, 1, 4, 8, 7]
           <1014  [1, 3, 2, 2, 1, 1, 3, 3, 3]
           >1016
             >1017
             <1017  [2, 2, 1, 6, 7, 4, 5]
           <1016  [3, 2, 2, 1, 3, 2, 1]
         <1011  [1, 3, 2, 5, 2, 3, 1]
         >1018
           >1019
             >1020
             <1020  [8, 6, 1, 6, 3, 1, 1, 6, 6, 3]
           <1019  [1, 2, 2, 2, 3, 3, 2, 3, 1]
           >1021
             >1022
             <1022  [2, 1, 1, 2, 9, 5, 4]
           <1021  [2, 2, 3, 1, 2, 1, 1]
           >1023
             >1024
             <1024  [1, 8, 3, 8, 3, 8, 6, 5, 1, 8]
           <1023  [1, 1, 2, 3, 3, 3]
         <1018  [5, 3, 1, 2, 1, 2]
         >1025
           >1026
             >1027
             <1027  [5, 6, 8, 1, 9, 1, 1]
           <1026  [1, 1, 2, 1, 1]
           >1028
             >1029
             <1029  [6, 7, 3, 6, 1, 9, 7, 7, 1, 6, 2]
           <1028  [2, 1, 1, 2, 1, 3]
           >1030
             >1031
             <1031  [7, 1, 5, 3, 1, 9, 5, 7, 4, 8]
           <1030  [3, 2, 3, 2, 3, 1, 3, 1, 1]
         <1025  [1, 5, 2, 3, 2, 4, 3]
         >1032
           >1033
             >1034
             <1034  [4, 6, 2, 1, 4, 1]
           <1033  [1, 3, 1, 1, 1, 1, 2, 3]
           >1035
             >1036
             <1036  [3, 1, 9, 8, 2, 2, 4, 6, 3]
           <1035  [2, 1, 1, 2, 3]
           >1037
             >1038
             <1038  [2, 7, 2, 9, 5, 9, 1, 8, 1, 4, 6]
           <1037  [2, 3, 1, 1, 3]
         <1032  [1, 1, 3, 1]
       <1010  [4, 2, 2, 5, 3]
     <836  [2, 8]
     >1039
       >1040
         >1041
           >1042
             >1043
             <1043  [3, 2, 7, 1, 1, 1, 2, 1, 1, 6]
           <1042  [2, 1, 2, 1, 3, 3, 1]
           >1044
             >1045
             <1045  [4, 8, 9, 4, 9, 6, 1, 5, 8]
           <1044  [2, 1, 2, 2, 3, 1, 1, 1]
           >1046
             >1047
             <1047  [5, 8, 4, 4, 5, 1, 5]
           <1046  [1, 1, 3, 3, 3, 3]
         <1041  [5, 2, 1, 5, 3]
         >1048
           >1049
             >1050
             <1050  [1, 3, 8, 8, 2, 5, 3, 5, 2, 3, 3]
           <1049  [1, 1, 2, 1, 1, 1]
           >1051
             >1052
             <1052  [2, 1, 3, 5, 1, 4]
           <1051  [3, 1, 1, 3, 3, 1, 2, 1, 1]
           >1053
             >1054
             <1054  [8, 6, 8, 7, 3, 2, 1, 9, 9]
           <1053  [3, 3, 2, 1, 1, 1, 3]
         <1048  [1, 2, 4, 2, 3]
         >1055
           >1056
             >1057
             <1057  [1, 7, 5, 9, 3, 8, 7]
           <1056  [1, 2, 1, 1, 1]
           >1058
             >1059
             <1059  [4, 7, 8, 4, 4, 4, 8, 1, 8, 8]
           <1058  [2, 3, 1, 1, 2, 3, 3]
           >1060
             >1061
             <1061  [2, 8, 8, 6, 1, 8, 8]
           <1060  [2, 1, 3, 2, 1, 1, 3]
         <1055  [4, 3, 4, 1, 5, 4]
         >1062
           >1063
             >1064
             <1064  [7, 8, 1, 2, 8, 9, 1, 3, 4]
           <1063  [3, 3, 1, 2, 3, 3, 1, 1]
           >1065
             >1066
             <1066  [8, 6, 3, 6, 1, 9, 3]
           <1065  [1, 3, 2, 3, 1, 1, 1, 3, 3]
           >1067
             >1068
             <1068  [9, 1, 5, 2, 8, 3]
           <1067  [1, 2, 3, 2, 3, 1, 3, 2]
         <1062  [2, 4, 4, 2]
         >1069
           >1070
             >1071
             <1071  [7, 1, 4, 7, 1, 2, 9, 1, 4, 5, 7]
           <1070  [1, 2, 1, 3, 2, 1, 1]
           >1072
             >1073
             <1073  [3, 2, 5, 3, 3, 2, 1, 7, 4, 1, 4]
           <1072  [3, 3, 2, 1, 1, 3, 1]
           >1074
             >1075
             <1075  [2, 5, 7, 6, 2, 1, 4, 7, 1, 1]
           <1074  [2, 1, 3, 2, 1, 3, 1]
         <1069  [4, 1, 2, 1, 1]
       <1040  [1, 4, 3, 5, 6]
       >1076
         >1077
           >1078
             >1079
             <1079  [4, 2, 1, 3, 1, 5, 9]
           <1078  [2, 3, 1, 2, 2, 1, 2, 2, 2]
           >1080
             >1081
             <1081  [3, 9, 8, 1, 1, 3, 3]
           <1080  [3, 1, 1, 1, 2]
           >1082
             >1083
             <1083  [2, 6, 2, 7, 5, 3, 2, 4, 1]
           <1082  [2, 1, 3, 3, 3, 2, 1, 3]
         <1077  [4, 4, 1, 1]
         >1084
           >1085
             >1086
             <1086  [1, 4, 1, 8, 1, 1, 1, 7, 5, 2]
           <1085  [1, 1, 1, 1, 2, 3, 2, 2, 3]
           >1087
             >1088
             <1088  [9, 1, 1, 3, 7, 1, 3, 8, 8, 5]
           <1087  [1, 3, 2, 1, 3, 3, 1]
           >1089
             >1090
             <1090  [9, 1, 8, 5, 9, 3, 1]
           <1089  [2, 1, 1, 3, 1, 1, 1, 2]
         <1084  [3, 2, 4, 1, 5, 1, 1]
         >1091
           >1092
             >1093
             <1093  [8, 7, 8, 4, 8, 3, 7, 5, 1, 3, 1]
           <1092  [1, 2, 2, 3, 2, 1, 2]
           >1094
             >1095
             <1095  [9, 4, 8, 2, 6, 5, 5, 2, 1]
           <1094  [3, 1, 1, 3, 1, 1, 2, 1, 1]
           >1096
             >1097
             <1097  [1, 9, 7, 1, 8, 8]
           <1096  [2, 2, 1, 1, 1, 3]
         <1091  [1, 5, 1, 4, 1]
         >1098
           >1099
             >1100
             <1100  [9, 7, 6, 2, 4, 4, 2, 1, 2, 8, 1]
           <1099  [3, 1, 1, 1, 1, 3]
           >1101
             >1102
             <1102  [4, 1, 1, 3, 8, 4, 1, 8, 7]
           <1101  [1, 3, 2, 1, 3, 2, 1, 3]
           >1103
             >1104
             <1104  [5, 1, 5, 8, 9, 8, 8, 3]
           <1103  [3, 3, 3, 1, 3, 1, 3, 1]
         <1098  [3, 3, 2, 2, 5]
         >1105
           >1106
             >1107
             <1107  [9, 1, 8, 3, 2, 1, 2, 9, 8]
           <1106  [3, 3, 3, 1, 2, 2, 1, 2, 2]
           >1108
             >1109
             <1109  [4, 9, 3, 6, 1, 1, 7]
           <1108  [2, 3, 3, 2, 1, 3, 1, 1, 1]
           >1110
             >1111
             <1111  [7, 4, 7, 2, 1, 4, 8, 7]
           <1110  [1, 1, 1, 2, 3, 2, 1, 2]
         <1105  [3, 2, 5, 5]
       <1076  [1, 7, 6, 1]
       >1112
         >1113
           >1114
             >1115
             <1115  [7, 2, 7, 7, 4, 1, 1, 5, 2]
           <1114  [3, 1, 1, 3, 1, 1, 2, 1]
           >1116
             >1117
             <1117  [9, 7, 5, 6, 3, 3, 1, 9, 1, 3, 6]
           <1116  [1, 1, 1, 1, 2, 1, 2, 2]
           >1118
             >1119
             <1119  [4, 7, 3, 1, 7, 7, 6, 9, 6]
           <1118  [3, 2, 1, 1, 1]
         <1113  [2, 1, 3, 4, 3, 1, 4]
         >1120
           >1121
             >1122
             <1122  [2, 6, 4, 4, 5, 1, 4, 7, 4]
           <1121  [1, 1, 1, 3, 1]
           >1123
             >1124
             <1124  [4, 7, 5, 6, 9, 1, 9, 3, 4, 4, 1]
           <1123  [2, 3, 1, 1, 1, 2, 1]
           >1125
             >1126
             <1126  [4, 3, 2, 1, 1, 7, 4, 1, 3, 7, 2]
           <1125  [3, 1, 1, 2, 3]
         <1120  [3, 1, 2, 5, 4]
         >1127
           >1128
             >1129
             <1129  [2, 6, 7, 3, 4, 8, 5, 6, 2, 1, 6]
           <1128  [1, 2, 1, 3, 2, 1, 3, 1]
           >1130
             >1131
             <1131  [9, 7, 9, 2, 1, 3, 5, 1, 1, 4]
           <1130  [1, 3, 1, 1, 3, 3, 1]
           >1132
             >1133
             <1133  [6, 7, 5, 1, 5, 1, 5, 8]
           <1132  [2, 1, 2, 1, 1]
         <1127  [1, 2, 3, 1]
         >1134
           >1135
             >1136
             <1136  [5, 2, 8, 3, 8, 6, 2, 1, 5]
           <1135  [2, 1, 2, 3, 2, 2, 1, 2]
           >1137
             >1138
             <1138  [6, 9, 4, 8, 1, 4, 5, 5, 1]
           <1137  [1, 2, 1, 1, 1, 2, 3, 2, 1]
           >1139
             >1140
             <1140  [3, 5, 9, 5, 9, 6, 1, 5, 8, 1]
           <1139  [2, 1, 1, 3, 1]
         <1134  [1, 2, 3, 5, 1, 2]
       <1112  [1, 3, 2, 2]
       >1141
         >1142
           >1143
             >1144
             <1144  [3, 9, 8, 1, 8, 4, 1, 5, 9, 2, 6]
           <1143  [1, 3, 1, 1, 2, 2, 1, 2]
           >1145
             >1146
             <1146  [9, 4, 8, 1, 9, 1, 1]
           <1145  [3, 1, 1, 1, 1, 3, 2, 3]
           >1147
             >1148
             <1148  [7, 5, 8, 7, 1, 6, 6, 5, 7, 7, 3]
           <1147  [3, 1, 2, 2, 3, 2, 1]
         <1142  [5, 1, 1, 4, 3, 2, 4]
         >1149
           >1150
             >1151
             <1151  [1, 1, 3, 1, 8, 1, 3, 2, 3, 7, 4]
           <1150  [3, 1, 3, 1, 2, 3]
           >1152
             >1153
             <1153  [5, 8, 9, 9, 1, 2, 2, 2]
           <1152  [1, 1, 1, 1, 2, 1]
           >1154
             >1155
             <1155  [8, 4, 2, 4, 1, 4, 1, 9, 7]
           <1154  [3, 2, 1, 1, 2, 3]
         <1149  [2, 2, 3, 5, 5]
         >1156
           >1157
             >1158
             <1158  [2, 1, 3, 9, 5, 3, 1, 8, 9]
           <1157  [3, 1, 1, 1, 1, 3]
           >1159
             >1160
             <1160  [8, 4, 4, 2, 1, 9, 8]
           <1159  [1, 3, 2, 3, 3, 3, 1, 2, 1]
           >1161
             >1162
             <1162  [1, 2, 7, 3, 6, 5, 1, 2, 8, 7, 1]
           <1161  [3, 1, 2, 2, 3, 3, 1, 2]
         <1156  [2, 5, 2, 2]
         >1163
           >1164
             >1165
             <1165  [9, 1, 3, 1, 3, 6, 4, 1]
           <1164  [1, 1, 1, 1, 1, 3]
           >1166
             >1167
             <1167  [1, 5, 2, 2, 1, 2]
           <1166  [3, 2, 3, 3, 1, 2, 1, 1]
           >1168
             >1169
             <1169  [4, 8, 1, 5, 2, 9, 8, 4, 2, 1]
           <1168  [3, 3, 1, 1, 1, 3, 3, 3, 1]
         <1163  [1, 1, 5, 1]
       <1141  [2, 4, 3, 4, 5]
       >1170
         >1171
           >1172
             >1173
             <1173  [5, 7, 4, 1, 2, 9, 4, 1]
           <1172  [3, 1, 3, 1, 1, 1, 1, 2, 2]
           >1174
             >1175
             <1175  [2, 2, 2, 8, 1, 7, 2, 1, 1, 9, 2]
           <1174  [1, 1, 1, 1, 1]
           >1176
             >1177
             <1177  [5, 5, 3, 1, 6, 1]
           <1176  [3, 1, 1, 1, 2, 1, 1]
         <1171  [4, 2, 1, 2, 5]
         >1178
           >1179
             >1180
             <1180  [1, 8, 1, 6, 3, 5, 4, 4, 4, 4]
           <1179  [3, 1, 2, 1, 1, 3, 3]
           >1181
             >1182
             <1182  [5, 3, 6, 6, 4, 6, 2, 5, 1, 6, 4]
           <1181  [2, 1, 2, 1, 1]
           >1183
             >1184
             <1184  [9, 5, 7, 1, 3, 1]
           <1183  [2, 1, 3, 1, 1, 3, 2]
         <1178  [2, 4, 4, 3, 3, 2]
         >1185
           >1186
             >1187
             <1187  [1, 9, 2, 5, 7, 1, 6, 7]
           <1186  [2, 3, 1, 1, 2, 2, 3]
           >1188
             >1189
             <1189  [6, 7, 2, 9, 1, 2, 7, 9, 1, 4, 3]
           <1188  [2, 1, 1, 3, 3, 1, 1, 3, 2]
           >1190
             >1191
             <1191  [2, 3, 9, 7, 7, 6, 6, 4, 1, 4]
           <1190  [2, 1, 3, 1, 1, 3]
         <1185  [1, 3, 2, 3, 2]
         >1192
           >1193
             >1194
             <1194  [2, 8, 4, 4, 9, 2, 1, 9, 3]
           <1193  [3, 2, 1, 1, 3, 2, 2, 3]
           >1195
             >1196
             <1196  [6, 9, 2, 4, 1, 6, 5]
           <1195  [2, 1, 3, 1, 1]
           >1197
             >1198
             <1198  [4, 4, 1, 6, 6, 1, 3, 1]
           <1197  [3, 2, 2, 1, 2]
         <1192  [3, 4, 1, 2]
         >1199
           >1200
             >1201
             <1201  [1, 4, 3, 1, 5, 6]
           <1200  [2, 3, 3, 1, 3, 2]
           >1202
             >1203
             <1203  [2, 6, 5, 5, 1, 1, 5, 8, 1]
           <1202  [1, 3, 2, 3, 2, 1, 2, 3, 2]
           >1204
             >1205
             <1205  [3, 3, 5, 2, 7, 1, 8, 1]
           <1204  [3, 1, 1, 1, 3, 3, 1, 1]
         <1199  [2, 3, 3, 3, 1, 2]
       <1170  [3, 7, 4, 2, 4]
       >1206
         >1207
           >1208
             >1209
             <1209  [6, 8, 9, 1, 9, 1, 1, 7]
           <1208  [3, 2, 2, 3, 1, 1, 2]
           >1210
             >1211
             <1211  [1, 5, 7, 5, 6, 1, 8, 5, 9]
           <1210  [1, 2, 1, 1, 1, 3, 3, 1]
           >1212
             >1213
             <1213  [8, 8, 1, 3, 6, 1, 2]
           <1212  [2, 2, 1, 2, 1, 1]
         <1207  [4, 3, 5, 3, 1]
         >1214
           >1215
             >1216
             <1216  [2, 8, 2, 1, 3, 5, 3, 4, 8]
           <1215  [2, 2, 3, 1, 2, 1]
           >1217
             >1218
             <1218  [1, 7, 6, 5, 1, 9, 1, 3, 5]
           <1217  [1, 1, 1, 1, 1, 3, 2]
           >1219
             >1220
             <1220  [6, 7, 3, 3, 4, 6, 1, 2]
           <1219  [1, 2, 3, 1, 1, 1, 3, 3]
         <1214  [4, 3, 3, 1]
         >1221
           >1222
             >1223
             <1223  [3, 1, 6, 2, 4, 3, 9, 4]
           <1222  [3, 1, 2, 1, 2]
           >1224
             >1225
             <1225  [1, 9, 7, 2, 9, 6]
           <1224  [2, 1, 1, 2, 2, 2, 3, 3, 1]
           >1226
             >1227
             <1227  [1, 7, 1, 1, 8, 7, 9]
           <1226  [2, 1, 2, 1, 2, 3, 1]
         <1221  [3, 2, 4, 2, 4, 5]
         >1228
           >1229
             >1230
             <1230  [9, 7, 7, 3, 9, 9, 3, 9, 2, 1, 3]
           <1229  [1, 1, 2, 1, 2]
           >1231
             >1232
             <1232  [5, 1, 1, 4, 2, 2, 2, 8, 4]
           <1231  [1, 2, 1, 3, 1, 1]
           >1233
             >1234
             <1234  [1, 1, 5, 8, 4, 3, 9, 4, 2, 4]
           <1233  [2, 2, 2, 2, 2, 1, 2, 1]
         <1228  [2, 3, 3, 3, 3, 3]
         >1235
           >1236
             >1237
             <1237  [1, 2, 5, 8, 1, 2]
           <1236  [2, 2, 3, 3, 1, 1]
           >1238
             >1239
             <1239  [3, 1, 5, 3, 1, 1, 5]
           <1238  [3, 2, 1, 1, 3, 3]
           >1240
             >1241
             <1241  [3, 1, 7, 8, 2, 3, 3, 4]
           <1240  [1, 3, 3, 3, 2, 3, 1, 2]
         <1235  [1, 1, 3, 4]
       <1206  [7, 7, 5, 1, 4]
     <1039  [3, 7]
     >1242
       >1243
         >1244
           >1245
             >1246
             <1246  [2, 1, 1, 3, 1, 3]
           <1245  [3, 1, 2, 2, 3, 2, 1, 2, 2]
           >1247
             >1248
             <1248  [4, 7, 6, 1, 4, 2]
           <1247  [3, 3, 2, 1, 3]
           >1249
             >1250
             <1250  [1, 7, 1, 4, 9, 9, 3]
           <1249  [1, 1, 1, 3, 3, 1, 2]
         <1244  [3, 3, 1, 2, 2]
         >1251
           >1252
             >1253
             <1253  [5, 9, 2, 5, 9, 1, 1, 4, 1, 1, 3]
           <1252  [1, 3, 2, 2, 2, 1, 1]
           >1254
             >1255
             <1255  [7, 2, 7, 1, 2, 8, 9, 5, 1, 5]
           <1254  [1, 2, 1, 2, 1, 1]
           >1256
             >1257
             <1257  [9, 1, 7, 2, 8, 9, 8, 2]
           <1256  [3, 2, 1, 2, 3, 1]
         <1251  [3, 4, 5, 4]
         >1258
           >1259
             >1260
             <1260  [5, 8, 2, 3, 4, 5, 9, 5, 4, 1, 3]
           <1259  [1, 1, 1, 3, 2]
           >1261
             >1262
             <1262  [7, 6, 6, 1, 2, 3, 6, 1]
           <1261  [2, 3, 3, 3, 2, 3, 2, 1, 2]
           >1263
             >1264
             <1264  [1, 8, 2, 9, 5, 4, 1, 9, 9]
           <1263  [3, 2, 1, 1, 1, 2, 3, 1]
         <1258  [4, 4, 1, 2, 2]
         >1265
           >1266
             >1267
             <1267  [2, 2, 2, 1, 9, 1, 9, 7, 4, 7]
           <1266  [1, 1, 3, 3, 1, 2]
           >1268
             >1269
             <1269  [1, 6, 1, 7, 5, 8, 7]
           <1268  [1, 2, 1, 3, 1]
           >1270
             >1271
             <1271  [3, 8, 8, 7, 5, 5, 3, 1, 8, 4]
           <1270  [1, 2, 2, 2, 3, 3, 1, 1, 1]
         <1265  [4, 3, 3, 5]
         >1272
           >1273
             >1274
             <1274  [7, 7, 5, 5, 2, 7, 4, 6, 3, 1, 9]
           <1273  [3, 3, 1, 2, 1, 3, 1, 3, 1]
           >1275
             >1276
             <1276  [2, 8, 3, 8, 1, 6, 8, 8, 1, 9]
           <1275  [1, 3, 2, 3, 1, 2, 1, 3, 2]
           >1277
             >1278
             <1278  [2, 1, 8, 8, 1, 6, 4, 8]
           <1277  [3, 2, 3, 1, 1]
         <1272  [4, 3, 1, 3, 4]
       <1243  [2, 5, 5, 6, 6]
       >1279
         >1280
           >1281
             >1282
             <1282  [6, 1, 8, 4, 2, 7, 2, 5, 1, 5, 1]
           <1281  [1, 1, 3, 2, 2, 1, 2, 2]
           >1283
             >1284
             <1284  [7, 3, 1, 7, 1, 4, 5, 6, 6, 5, 1]
           <1283  [3, 2, 2, 1, 1]
           >1285
             >1286
             <1286  [5, 7, 1, 8, 2, 7, 9, 5, 2]
           <1285  [2, 1, 1, 2, 3, 3, 1, 3, 1]
         <1280  [1, 1, 3, 3]
         >1287
           >1288
             >1289
             <1289  [7, 6, 4, 4, 9, 1, 1, 3, 7, 8, 7]
           <1288  [1, 1, 1, 3, 3, 1, 2]
           >1290
             >1291
             <1291  [8, 3, 8, 9, 7, 7, 2, 8, 7, 1, 1]
           <1290  [1, 2, 2, 2, 3]
           >1292
             >1293
             <1293  [8, 5, 7, 6, 9, 1, 8, 1, 5]
           <1292  [2, 1, 1, 1, 1, 2]
         <1287  [1, 2, 4, 1, 4, 3]
         >1294
           >1295
             >1296
             <1296  [1, 2, 3, 4, 7, 1, 7, 5, 7]
           <1295  [2, 2, 2, 1, 2, 1]
           >1297
             >1298
             <1298  [1, 5, 1, 7, 5, 3, 5, 7, 2, 6, 6]
           <1297  [3, 2, 3, 1, 1, 2, 2, 1]
           >1299
             >1300
             <1300  [5, 9, 1, 3, 8, 2, 1, 1, 8]
           <1299  [2, 2, 3, 1, 3, 1]
         <1294  [2, 3, 1, 2, 5, 1]
         >1301
           >1302
             >1303
             <1303  [1, 3, 8, 3, 1, 3, 7]
           <1302  [1, 1, 3, 1, 3]
           >1304
             >1305
             <1305  [5, 1, 8, 9, 2, 6]
           <1304  [3, 2, 1, 3, 1, 1, 3]
           >1306
             >1307
             <1307  [1, 4, 1, 8, 9, 3]
           <1306  [2, 2, 1, 2, 1, 1, 3, 2, 1]
         <1301  [3, 3, 4, 2]
       <1279  [1, 1, 4, 3]
       >1308
         >1309
           >1310
             >1311
             <1311  [6, 5, 3, 7, 1, 9, 6, 1, 8]
           <1310  [2, 2, 3, 2, 1]
           >1312
             >1313
             <1313  [9, 1, 8, 9, 8, 4]
           <1312  [3, 3, 3, 1, 1, 2, 2, 1, 2]
           >1314
             >1315
             <1315  [1, 3, 5, 4, 3, 1, 3, 5, 3, 1]
           <1314  [3, 1, 1, 3, 1, 2, 1, 1]
         <1309  [2, 2, 5, 1, 5]
         >1316
           >1317
             >1318
             <1318  [8, 1, 5, 4, 9, 8, 4, 5, 9]
           <1317  [2, 1, 3, 3, 1]
           >1319
             >1320
             <1320  [4, 4, 5, 3, 5, 1]
           <1319  [3, 2, 2, 3, 1, 1, 3, 2, 3]
           >1321
             >1322
             <1322  [6, 3, 2, 1, 2, 1, 9, 3]
           <1321  [1, 2, 3, 1, 2]
         <1316  [3, 5, 3, 2, 2, 5]
         >1323
           >1324
             >1325
             <1325  [6, 6, 2, 5, 4, 4, 8, 7, 1, 3, 8]
           <1324  [1, 1, 2, 2, 1, 1, 3]
           >1326
             >1327
             <1327  [5, 1, 5, 1, 8, 1, 8, 1]
           <1326  [2, 1, 2, 1, 1, 2, 2, 2, 2]
           >1328
             >1329
             <1329  [7, 1, 9, 1, 5, 4, 8]
           <1328  [1, 1, 2, 1, 2, 2, 2]
         <1323  [5, 2, 2, 1, 2]
         >1330
           >1331
             >1332
             <1332  [9, 2, 2, 7, 7, 8, 2, 1, 7, 2]
           <1331  [1, 1, 2, 3, 3, 2]
           >1333
             >1334
             <1334  [7, 1, 1, 1, 3, 9, 1]
           <1333  [3, 1, 2, 1, 1]
           >1335
             >1336
             <1336  [8, 1, 7, 2, 7, 6]
           <1335  [2, 1, 3, 1, 1, 2]
         <1330  [2, 2, 3, 2, 3, 2, 2]
         >1337
           >1338
             >1339
             <1339  [1, 5, 1, 2, 2, 2, 4, 3]
           <1338  [1, 1, 2, 1, 1, 2, 2, 2]
           >1340
             >1341
             <1341  [9, 2, 5, 1, 5, 3, 1, 6, 9, 8, 6]
           <1340  [2, 3, 1, 1, 2, 3, 2, 1, 3]
           >1342
             >1343
             <1343  [1, 8, 4, 4, 3, 7, 6, 2, 5]
           <1342  [3, 3, 1, 3, 2]
         <1337  [5, 5, 5, 4, 3, 3, 5]
       <1308  [3, 3, 1]
       >1344
         >1345
           >1346
             >1347
             <1347  [1, 3, 2, 2, 5, 4, 1, 7, 3]
           <1346  [1, 2, 3, 1, 3, 2]
           >1348
             >1349
             <1349  [4, 4, 9, 1, 7, 2]
           <1348  [1, 3, 1, 1, 3, 2, 1, 2, 1]
           >1350
             >1351
             <1351  [6, 4, 4, 1, 5, 8]
           <1350  [2, 1, 3, 3, 3, 1, 3, 2]
         <1345  [4, 2, 1, 1, 1, 5, 1]
         >1352
           >1353
             >1354
             <1354  [2, 2, 1, 2, 1, 6]
           <1353  [3, 2, 2, 3, 1, 2, 1, 1]
           >1355
             >1356
             <1356  [7, 1, 3, 3, 1, 9]
           <1355  [1, 1, 3, 3, 1, 1, 1, 1]
           >1357
             >1358
             <1358  [1, 8, 2, 5, 5, 2, 7, 9]
           <1357  [3, 3, 1, 2, 3]
         <1352  [4, 4, 1, 3]
         >1359
           >1360
             >1361
             <1361  [4, 9, 1, 4, 1, 8]
           <1360  [2, 1, 1, 2, 3, 1, 3]
           >1362
             >1363
             <1363  [8, 3, 6, 6, 4, 1, 9, 3, 1]
           <1362  [1, 1, 3, 1, 1]
           >1364
             >1365
             <1365  [8, 1, 3, 9, 6, 4, 4, 1, 7, 9, 2]
           <1364  [1, 1, 2, 2, 2, 1]
         <1359  [3, 1, 1, 1, 1]
         >1366
           >1367
             >1368
             <1368  [1, 7, 9, 3, 6, 4, 8, 7]
           <1367  [1, 3, 3, 3, 2, 1, 3, 2, 2]
           >1369
             >1370
             <1370  [9, 2, 7, 1, 5, 3, 8, 5, 5, 3]
           <1369  [2, 2, 1, 1, 1, 3, 3]
           >1371
             >1372
             <1372  [5, 7, 9, 9, 1, 8, 7]
           <1371  [1, 3, 1, 2, 1, 1]
         <1366  [3, 1, 4, 5]
         >1373
           >1374
             >1375
             <1375  [3, 8, 1, 1, 3, 7, 1, 3, 7]
           <1374  [3, 2, 2, 1, 1, 1, 3, 3]
           >1376
             >1377
             <1377  [4, 3, 4, 5, 1, 5, 2, 6, 9]
           <1376  [1, 1, 1, 1, 3, 3, 2, 1]
           >1378
             >1379
             <1379  [9, 1, 3, 7, 6, 5, 1, 9, 1, 9]
           <1378  [1, 2, 3, 1, 3, 1, 1, 3]
         <1373  [3, 2, 1, 2, 3, 3, 3]
       <1344  [3, 4, 3, 6]
       >1380
         >1381
           >1382
             >1383
             <1383  [5, 8, 4, 7, 1, 9]
           <1382  [1, 1, 3, 3, 2]
           >1384
             >1385
             <1385  [2, 9, 4, 7, 6, 8, 8, 1]
           <1384  [3, 2, 3, 2, 3, 3, 1]
           >1386
             >1387
             <1387  [4, 3, 7, 6, 5, 2, 8, 1]
           <1386  [1, 2, 2, 3, 2, 2, 1, 3]
         <1381  [5, 5, 5, 1, 2, 4, 2]
         >1388
           >1389
             >1390
             <1390  [1, 7, 7, 5, 2, 1, 7, 9, 8]
           <1389  [1, 3, 3, 1, 1, 1]
           >1391
             >1392
             <1392  [1, 6, 1, 3, 4, 4]
           <1391  [2, 1, 3, 3, 1, 3, 3, 3, 3]
           >1393
             >1394
             <1394  [2, 1, 8, 1, 2, 4]
           <1393  [3, 2, 2, 2, 3, 1]
         <1388  [3, 3, 4, 2, 2]
         >1395
           >1396
             >1397
             <1397  [1, 1, 8, 7, 3, 9, 6, 4, 8]
           <1396  [1, 1, 3, 2, 1, 1, 3, 2, 2]
           >1398
             >1399
             <1399  [3, 7, 6, 2, 1, 1, 3]
           <1398  [2, 3, 1, 1, 2]
           >1400
             >1401
             <1401  [9, 6, 6, 1, 7, 8, 1]
           <1400  [3, 1, 3, 1, 2]
         <1395  [2, 5, 3, 4]
         >1402
           >1403
             >1404
             <1404  [4, 7, 1, 8, 5, 3, 8]
           <1403  [3, 1, 2, 3, 3, 3, 3, 1]
           >1405
             >1406
             <1406  [9, 7, 4, 4, 1, 6, 2]
           <1405  [2, 2, 1, 2, 3, 2, 1]
           >1407
             >1408
             <1408  [4, 5, 9, 7, 1, 4]
           <1407  [2, 2, 3, 1, 3]
         <1402  [4, 2, 5, 4, 2, 2]
       <1380  [4, 5, 2, 4, 1]
       >1409
         >1410
           >1411
             >1412
             <1412  [7, 7, 2, 1, 4, 8, 6, 6, 7, 3, 5]
           <1411  [1, 3, 3, 3, 2, 2]
           >1413
             >1414
             <1414  [1, 8, 3, 5, 7, 1, 1, 7]
           <1413  [1, 3, 2, 1, 3, 3, 2, 2]
           >1415
             >1416
             <1416  [1, 7, 4, 4, 1, 6, 1, 1]
           <1415  [3, 1, 2, 2, 2]
         <1410  [4, 2, 1, 2, 1]
         >1417
           >1418
             >1419
             <1419  [4, 9, 8, 8, 1, 1, 4, 5, 5]
           <1418  [1, 2, 2, 3, 1, 1]
           >1420
             >1421
             <1421  [2, 2, 1, 7, 8, 1, 9, 2]
           <1420  [3, 1, 1, 2, 3, 3, 2]
           >1422
             >1423
             <1423  [5, 6, 1, 6, 7, 2]
           <1422  [2, 3, 1, 1, 1, 1]
         <1417  [2, 3, 4, 3, 5, 2]
         >1424
           >1425
             >1426
             <1426  [7, 7, 1, 9, 8, 5, 8, 5, 6, 9]
           <1425  [3, 1, 3, 3, 3, 1, 1]
           >1427
             >1428
             <1428  [3, 5, 5, 7, 3, 1, 2, 1, 7, 3]
           <1427  [1, 3, 1, 1, 3, 2]
           >1429
             >1430
             <1430  [3, 4, 2, 7, 6, 1, 5, 7, 4, 7, 1]
           <1429  [1, 1, 1, 1, 2, 2, 2]
         <1424  [3, 2, 2, 2, 3, 4, 4]
         >1431
           >1432
             >1433
             <1433  [4, 4, 3, 4, 4, 1, 2, 1, 1]
           <1432  [2, 3, 3, 3, 1]
           >1434
             >1435
             <1435  [7, 7, 7, 2, 6, 7, 8, 6, 6, 8, 1]
           <1434  [1, 2, 2, 1, 1]
           >1436
             >1437
             <1437  [1, 8, 3, 1, 2, 1]
           <1436  [1, 3, 1, 3, 3, 3, 2, 2, 1]
         <1431  [2, 4, 2, 1, 5, 1, 5]
         >1438
           >1439
             >1440
             <1440  [8, 3, 9, 9, 9, 1]
           <1439  [3, 2, 1, 3, 3, 1, 1, 3]
           >1441
             >1442
             <1442  [4, 1, 8, 4, 8, 2, 1, 7, 7, 6, 8]
           <1441  [1, 3, 3, 1, 2, 1, 1, 3, 3]
           >1443
             >1444
             <1444  [7, 7, 1, 1, 4, 8, 4, 3, 6, 7]
           <1443  [1, 1, 1, 3, 1]
         <1438  [3, 3, 5, 2, 4, 1]
       <1409  [4, 7, 1]
       >1445
         >1446
           >1447
             >1448
             <1448  [5, 9, 4, 3, 5, 2, 9, 1]
           <1447  [3, 3, 1, 1, 2, 2, 3, 2, 3]
           >1449
             >1450
             <1450  [9, 4, 1, 1, 9, 2, 3, 5, 2, 9]
           <1449  [2, 1, 2, 1, 2, 1, 1, 2, 1]
           >1451
             >1452
             <1452  [2, 8, 2, 8, 7, 1, 5, 4]
           <1451  [2, 1, 1, 1, 1, 3, 3, 3, 1]
         <1446  [1, 2, 2, 4, 2, 1, 1]
         >1453
           >1454
             >1455
             <1455  [1, 3, 8, 9, 4, 9, 7]
           <1454  [1, 1, 1, 2, 3]
           >1456
             >1457
             <1457  [9, 4, 1, 1, 6, 1, 3]
           <1456  [1, 1, 3, 3, 1, 2, 1, 1]
           >1458
             >1459
             <1459  [7, 8, 4, 1, 1, 1, 1, 8]
           <1458  [3, 1, 1, 3, 2, 3, 1]
         <1453  [4, 1, 3, 5]
         >1460
           >1461
             >1462
             <1462  [5, 7, 6, 1, 1, 8, 8, 5, 9, 9]
           <1461  [2, 2, 1, 3, 1, 3, 3]
           >1463
             >1464
             <1464  [5, 5, 3, 4, 1, 1, 5, 9, 5]
           <1463  [1, 1, 2, 3, 1, 1, 1]
           >1465
             >1466
             <1466  [6, 8, 1, 5, 8, 5]
           <1465  [2, 1, 1, 1, 3, 2, 1]
         <1460  [3, 3, 4, 4, 1, 2]
         >1467
           >1468
             >1469
             <1469  [1, 4, 3, 9, 4, 3, 7, 7]
           <1468  [2, 3, 3, 3, 3, 3, 1, 3]
           >1470
             >1471
             <1471  [8, 9, 4, 1, 1, 8, 8, 8, 5]
           <1470  [1, 1, 2, 1, 3, 3, 2]
           >1472
             >1473
             <1473  [3, 9, 5, 1, 4, 9]
           <1472  [2, 1, 3, 2, 2, 1, 2]
         <1467  [2, 1, 3, 3, 4, 1, 2]
       <1445  [3, 6, 4]
     <1242  [4, 6, 1]
     >1474
       >1475
         >1476
           >1477
             >1478
             <1478  [1, 9, 8, 5, 5, 1, 7, 3, 8, 7, 8]
           <1477  [1, 3, 2, 2, 1, 1, 2]
           >1479
             >1480
             <1480  [2, 7, 4, 5, 8, 8, 1, 8]
           <1479  [1, 1, 1, 1, 2, 1, 2]
           >1481
             >1482
             <1482  [8, 5, 4, 6, 9, 2, 4, 3, 1]
           <1481  [3, 1, 3, 2, 1, 1, 1]
         <1476  [3, 3, 4, 2, 3, 3]
         >1483
           >1484
             >1485
             <1485  [3, 5, 6, 4, 4, 7, 1, 8, 7, 2, 4]
           <1484  [3, 1, 1, 3, 2]
           >1486
             >1487
             <1487  [1, 8, 7, 6, 5, 9]
           <1486  [1, 1, 1, 3, 1, 3, 1, 1, 3]
           >1488
             >1489
             <1489  [2, 2, 3, 4, 6, 9, 5, 5, 6, 1]
           <1488  [2, 1, 3, 1, 1]
         <1483  [2, 2, 1, 1]
         >1490
           >1491
             >1492
             <1492  [8, 1, 8, 2, 8, 1, 9, 5, 2]
           <1491  [2, 3, 2, 2, 1, 2]
           >1493
             >1494
             <1494  [2, 1, 5, 4, 2, 1, 3]
           <1493  [1, 3, 1, 3, 3, 2, 3, 2, 1]
           >1495
             >1496
             <1496  [7, 8, 6, 2, 6, 1]
           <1495  [1, 1, 3, 1, 1, 1, 2, 1]
         <1490  [4, 2, 2, 2, 1, 3, 3]
         >1497
           >1498
             >1499
             <1499  [6, 1, 7, 2, 1, 6]
           <1498  [2, 3, 2, 2, 2, 1, 3, 2]
           >1500
             >1501
             <1501  [7, 3, 1, 9, 7, 9, 8]
           <1500  [1, 2, 1, 1, 2]
           >1502
             >1503
             <1503  [2, 3, 6, 6, 8, 1, 1]
           <1502  [2, 1, 1, 3, 2, 2]
         <1497  [2, 3, 3, 2, 3]
         >1504
           >1505
             >1506
             <1506  [4, 2, 6, 1, 4, 7, 7]
           <1505  [3, 1, 3, 1, 2]
           >1507
             >1508
             <1508  [1, 6, 3, 6, 1, 8, 2, 6]
           <1507  [1, 1, 3, 2, 2]
           >1509
             >1510
             <1510  [5, 9, 3, 4, 1, 7, 3, 6]
           <1509  [2, 1, 1, 3, 3, 3, 1, 3]
         <1504  [1, 2, 3, 4, 1]
       <1475  [1, 3, 6, 5, 2]
       >1511
         >1512
           >1513
             >1514
             <1514  [6, 8, 1, 1, 5, 2, 7]
           <1513  [1, 1, 2, 1, 2, 1]
           >1515
             >1516
             <1516  [1, 5, 9, 4, 1, 1, 5, 1, 4]
           <1515  [1, 1, 3, 1, 2, 2, 2, 3, 2]
           >1517
             >1518
             <1518  [1, 7, 5, 3, 4, 3, 8, 4, 4, 1, 4]
           <1517  [1, 2, 1, 2, 1, 2, 2, 3, 3]
         <1512  [3, 4, 4, 2, 3, 5]
         >1519
           >1520
             >1521
             <1521  [7, 1, 4, 9, 3, 6, 1]
           <1520  [1, 1, 3, 2, 3, 1, 3, 2]
           >1522
             >1523
             <1523  [2, 2, 4, 1, 4, 4]
           <1522  [1, 3, 1, 3, 1, 1, 1]
           >1524
             >1525
             <1525  [1, 8, 8, 8, 5, 1, 4]
           <1524  [1, 1, 1, 3, 1]
         <1519  [1, 3, 1, 4, 1, 2]
         >1526
           >1527
             >1528
             <1528  [8, 8, 9, 6, 1, 8]
           <1527  [2, 1, 3, 1, 1, 1, 1, 2]
           >1529
             >1530
             <1530  [1, 9, 1, 1, 2, 2, 1, 8, 9, 8, 3]
           <1529  [2, 1, 3, 2, 2]
           >1531
             >1532
             <1532  [6, 4, 1, 4, 4, 1]
           <1531  [2, 1, 3, 1, 1, 1, 2, 3]
         <1526  [1, 5, 4, 5, 2, 3]
         >1533
           >1534
             >1535
             <1535  [1, 1, 7, 6, 3, 3, 8, 2, 7]
           <1534  [2, 1, 1, 1, 1, 3, 3]
           >1536
             >1537
             <1537  [9, 7, 7, 1, 3, 4, 2, 1, 5, 5, 2]
           <1536  [1, 1, 1, 3, 1, 3]
           >1538
             >1539
             <1539  [9, 1, 5, 7, 2, 3]
           <1538  [1, 2, 3, 3, 2, 1, 1, 2]
         <1533  [2, 2, 2, 4, 4]
         >1540
           >1541
             >1542
             <1542  [3, 3, 2, 7, 2, 1, 3, 4]
           <1541  [2, 3, 1, 1, 1]
           >1543
             >1544
             <1544  [3, 8, 1, 8, 2, 2, 9, 1, 3]
           <1543  [1, 2, 2, 1, 3, 1]
           >1545
             >1546
             <1546  [6, 3, 7, 4, 3, 1]
           <1545  [1, 2, 2, 3, 3, 1]
         <1540  [4, 5, 1, 1, 2]
       <1511  [4, 7, 4]
       >1547
         >1548
           >1549
             >1550
             <1550  [3, 6, 8, 2, 1, 1]
           <1549  [2, 2, 3, 1, 1, 2, 3, 3, 1]
           >1551
             >1552
             <1552  [1, 4, 6, 3, 3, 9, 1, 1]
           <1551  [2, 1, 1, 2, 3, 1, 1, 3]
           >1553
             >1554
             <1554  [4, 4, 6, 8, 4, 5, 7, 6, 1, 1]
           <1553  [2, 2, 3, 1, 3, 1, 1, 3, 1]
         <1548  [3, 2, 1, 2, 2, 3, 4]
         >1555
           >1556
             >1557
             <1557  [7, 3, 2, 5, 1, 3, 3]
           <1556  [2, 3, 1, 1, 3, 1]
           >1558
             >1559
             <1559  [3, 1, 4, 1, 3, 1, 4, 9, 5]
           <1558  [3, 3, 2, 1, 2, 1, 2, 1, 1]
           >1560
             >1561
             <1561  [9, 8, 6, 6, 7, 1, 9, 1, 3, 8, 4]
           <1560  [3, 1, 2, 1, 1, 3, 1]
         <1555  [2, 2, 1, 2, 2, 2, 5]
         >1562
           >1563
             >1564
             <1564  [6, 1, 9, 7, 8, 2, 8, 6, 6]
           <1563  [2, 1, 1, 3, 1]
           >1565
             >1566
             <1566  [2, 9, 6, 3, 7, 6, 9, 1]
           <1565  [3, 2, 1, 3, 3, 1, 3]
           >1567
             >1568
             <1568  [7, 2, 2, 7, 1, 5]
           <1567  [2, 3, 1, 3, 1, 3]
         <1562  [5, 2, 4, 3]
         >1569
           >1570
             >1571
             <1571  [3, 8, 1, 4, 9, 1, 8]
           <1570  [3, 2, 2, 2, 1]
           >1572
             >1573
             <1573  [1, 1, 6, 7, 2, 7, 8]
           <1572  [3, 1, 3, 3, 1, 2]
           >1574
             >1575
             <1575  [4, 4, 9, 8, 8, 9, 1, 2]
           <1574  [2, 1, 3, 2, 1]
         <1569  [5, 3, 4, 2, 3, 5, 3]
       <1547  [3, 1, 4]
       >1576
         >1577
           >1578
             >1579
             <1579  [7, 9, 7, 1, 1, 2, 3, 1]
           <1578  [2, 2, 2, 3, 1, 3, 3, 1, 1]
           >1580
             >1581
             <1581  [4, 6, 3, 7, 6, 4, 2, 8, 2, 1]
           <1580  [2, 1, 1, 1, 3]
           >1582
             >1583
             <1583  [2, 1, 9, 1, 9, 8, 8, 8, 5, 6]
           <1582  [2, 2, 1, 2, 1, 2, 1]
         <1577  [4, 2, 3, 1, 5, 3, 3]
         >1584
           >1585
             >1586
             <1586  [1, 1, 8, 7, 4, 7, 1, 4, 1]
           <1585  [3, 2, 1, 2, 2, 1, 3, 1, 1]
           >1587
             >1588
             <1588  [9, 9, 6, 9, 8, 9, 1, 4]
           <1587  [1, 1, 2, 1, 2, 2, 1, 1, 3]
           >1589
             >1590
             <1590  [4, 2, 1, 5, 2, 1]
           <1589  [3, 3, 1, 2, 1]
         <1584  [4, 4, 2, 3, 3]
         >1591
           >1592
             >1593
             <1593  [9, 7, 1, 2, 1, 4, 8, 1, 2, 5]
           <1592  [3, 3, 2, 3, 1, 3, 1]
           >1594
             >1595
             <1595  [6, 7, 3, 2, 5, 4, 1]
           <1594  [1, 1, 2, 1, 3, 1, 2, 3]
           >1596
             >1597
             <1597  [2, 6, 1, 1, 1, 3]
           <1596  [2, 3, 2, 1, 2]
         <1591  [5, 2, 5, 2, 5, 1]
         >1598
           >1599
             >1600
             <1600  [7, 9, 7, 4, 6, 1, 1, 3]
           <1599  [1, 2, 3, 1, 1]
           >1601
             >1602
             <1602  [4, 1, 8, 6, 8, 1, 4]
           <1601  [2, 3, 3, 1, 2, 2, 2, 1, 1]
           >1603
             >1604
             <1604  [7, 1, 5, 7, 8, 4, 1, 2]
           <1603  [2, 1, 2, 3, 3, 1, 1]
         <1598  [4, 1, 3, 1, 3, 1]
       <1576  [3, 6, 4, 3, 4]
       >1605
         >1606
           >1607
             >1608
             <1608  [6, 2, 1, 4, 4, 5, 8, 7, 9, 1, 8]
           <1607  [3, 2, 1, 2, 1]
           >1609
             >1610
             <1610  [6, 8, 4, 9, 8, 9, 4, 1]
           <1609  [2, 2, 2, 3, 1]
           >1611
             >1612
             <1612  [4, 1, 2, 6, 5, 3, 7, 3, 5]
           <1611  [2, 1, 1, 1, 2, 1, 3, 3, 3]
         <1606  [4, 4, 1, 1, 1, 3]
         >1613
           >1614
             >1615
             <1615  [8, 2, 8, 5, 6, 1, 3, 1, 5]
           <1614  [1, 2, 1, 2, 2]
           >1616
             >1617
             <1617  [8, 8, 7, 2, 5, 1, 8]
           <1616  [2, 2, 3, 2, 1, 3]
           >1618
             >1619
             <1619  [7, 9, 7, 4, 6, 2, 1, 1, 5, 5, 5]
           <1618  [1, 3, 2, 3, 1, 2, 1, 3, 1]
         <1613  [1, 1, 1, 3]
         >1620
           >1621
             >1622
             <1622  [9, 3, 3, 5, 8, 4, 1, 9]
           <1621  [3, 1, 3, 1, 2, 3]
           >1623
             >1624
             <1624  [6, 4, 1, 7, 9, 9, 3, 4]
           <1623  [3, 1, 2, 3, 3, 3, 1, 2]
           >1625
             >1626
             <1626  [7, 3, 7, 7, 6, 1, 8, 2, 1, 4]
           <1625  [1, 2, 3, 1, 3, 2, 1, 1]
         <1620  [1, 3, 2, 3]
         >1627
           >1628
             >1629
             <1629  [3, 3, 6, 2, 6, 4, 1, 8, 9, 6]
           <1628  [1, 1, 3, 2, 2, 2]
           >1630
             >1631
             <1631  [1, 5, 8, 7, 2, 6, 4, 7, 5, 7, 4]
           <1630  [1, 2, 3, 3, 2]
           >1632
             >1633
             <1633  [3, 2, 1, 8, 8, 9, 9]
           <1632  [1, 1, 3, 1, 3, 3, 1, 1, 3]
         <1627  [4, 4, 5, 3, 3, 2]
         >1634
           >1635
             >1636
             <1636  [1, 3, 5, 8, 5, 2]
           <1635  [1, 3, 2, 2, 3, 2, 3, 2, 3]
           >1637
             >1638
             <1638  [7, 2, 1, 3, 7, 1, 2, 5]
           <1637  [1, 3, 1, 1, 2, 3]
           >1639
             >1640
             <1640  [1, 4, 2, 5, 2, 1, 5]
           <1639  [3, 1, 2, 1, 2, 3, 1, 3]
         <1634  [1, 3, 4, 1, 5]
       <1605  [1, 1, 2, 3, 4]
       >1641
         >1642
           >1643
             >1644
             <1644  [8, 2, 4, 3, 8, 2, 5, 1, 5, 6]
           <1643  [1, 1, 1, 3, 1, 1, 3]
           >1645
             >1646
             <1646  [2, 8, 1, 2, 6, 3, 1, 7, 3]
           <1645  [2, 2, 3, 2, 3, 3, 3, 1, 2]
           >1647
             >1648
             <1648  [2, 7, 1, 9, 8, 2, 1, 1]
           <1647  [1, 2, 1, 3, 2, 1, 3]
         <1642  [2, 4, 1, 2]
         >1649
           >1650
             >1651
             <1651  [4, 5, 6, 1, 7, 1, 1, 8, 7, 2]
           <1650  [2, 1, 2, 1, 1]
           >1652
             >1653
             <1653  [5, 5, 9, 3, 1, 7, 8, 3, 4, 6, 7]
           <1652  [1, 3, 1, 1, 3, 1]
           >1654
             >1655
             <1655  [7, 9, 4, 6, 4, 3, 9, 1, 8, 9, 3]
           <1654  [1, 3, 1, 1, 3, 1]
         <1649  [1, 2, 1, 2, 2, 2]
         >1656
           >1657
             >1658
             <1658  [3, 7, 3, 7, 1, 8]
           <1657  [2, 1, 2, 1, 3]
           >1659
             >1660
             <1660  [5, 1, 6, 3, 2, 3, 3]
           <1659  [3, 2, 2, 2, 1, 2, 2]
           >1661
             >1662
             <1662  [1, 1, 2, 5, 4, 8, 3]
           <1661  [3, 1, 1, 1, 1]
         <1656  [4, 3, 3, 5, 3]
         >1663
           >1664
             >1665
             <1665  [1, 3, 8, 5, 7, 5, 1, 3, 4, 9, 8]
           <1664  [1, 3, 1, 1, 3, 2, 1, 2, 3]
           >1666
             >1667
             <1667  [4, 9, 7, 9, 1, 1, 5]
           <1666  [1, 2, 2, 3, 1]
           >1668
             >1669
             <1669  [2, 8, 5, 1, 7, 2, 4, 3]
           <1668  [3, 1, 3, 1, 2, 2, 2]
         <1663  [3, 3, 1, 3, 5, 1]
       <1641  [3, 3, 2, 1]
     <1474  [2, 4]
   <0  [9, 7, 1, 3, 3, 1, 3, 5, 8, 10, 9]
